               1   -3.37404e-016   -3.37404e-016               0
               2   -3.37404e-016   -3.37404e-016     1.7909e-025
               3   -5.81566e-016   -4.18791e-016    8.13874e-017
               4    3.33067e-016   -2.30827e-016    1.96577e-016
               5   -5.81566e-016   -3.00975e-016    1.67649e-016
               6    3.33067e-016   -1.95301e-016    1.72929e-016
               7   -5.81566e-016   -2.50482e-016    1.56222e-016
               8   -5.81566e-016   -2.91867e-016     1.4148e-016
               9    3.33067e-016    -2.2243e-016    1.42794e-016
              10    3.33067e-016    -1.6688e-016    1.39276e-016
              11    3.33067e-016   -1.21431e-016    1.33928e-016
              12    3.33067e-016   -8.35558e-017    1.27991e-016
              13    3.33067e-016   -5.15079e-017    1.22018e-016
              14   -3.37404e-016   -7.19291e-017    1.14798e-016
              15    -9.5193e-017     -7.348e-017    1.06882e-016
              16   -5.81566e-016   -1.05235e-016    1.04901e-016
              17    9.36751e-016   -4.39421e-017    1.16045e-016
              18   -4.17201e-016   -6.46787e-017    1.11356e-016
              19   -5.81566e-016   -9.18833e-017    1.08789e-016
              20   -2.04318e-016    -9.7505e-017    1.03359e-016
              21   -2.04318e-016   -1.02591e-016    9.84458e-017
              22    -9.5193e-017   -1.02255e-016     9.3865e-017
              23   -2.04318e-016   -1.06693e-016    8.98008e-017
              24   -3.37404e-016   -1.16306e-016    8.65134e-017
              25    -9.5193e-017   -1.15461e-016    8.29851e-017
              26    -9.5193e-017   -1.14681e-016    7.97333e-017
              27    -9.5193e-017    -1.1396e-016    7.67268e-017
              28   -3.37404e-016    -1.2194e-016    7.43652e-017
              29   -3.37404e-016    -1.2937e-016    7.21387e-017
              30     2.2649e-016   -1.17508e-016    7.06949e-017
              31    -9.5193e-017   -1.16788e-016    6.83802e-017
              32   -5.55112e-017   -1.14873e-016    6.62365e-017
              33   -3.37404e-016   -1.21616e-016    6.45512e-017
              34     2.2649e-016   -1.11378e-016    6.34553e-017
              35     2.2649e-016   -1.01724e-016    6.23672e-017
              36    -9.5193e-017   -1.01543e-016    6.06103e-017
              37    -9.5193e-017   -1.01371e-016    5.89497e-017
              38    3.33067e-016   -8.99388e-017    5.85053e-017
              39    -9.5193e-017   -9.00736e-017    5.69856e-017
              40   -3.37404e-016   -9.62568e-017    5.58858e-017
              41    -9.5193e-017   -9.62309e-017    5.45057e-017
              42    -9.5193e-017   -9.62062e-017    5.31921e-017
              43   -5.81566e-016   -1.07494e-016    5.31527e-017
              44    3.33067e-016   -9.74809e-017    5.28871e-017
              45   -3.37404e-016   -1.02812e-016    5.19726e-017
              46    3.33067e-016   -9.33368e-017    5.17059e-017
              47   -3.37404e-016   -9.85298e-017    5.08596e-017
              48   -3.37404e-016   -1.03506e-016    5.00369e-017
              49     2.2649e-016   -9.67717e-017    4.94657e-017
              50   -3.37404e-016   -1.01584e-016    4.87046e-017
              51     2.2649e-016   -9.51515e-017    4.81715e-017
              52     2.2649e-016   -8.89661e-017    4.76393e-017
              53    -9.5193e-017   -8.90836e-017     4.6732e-017
              54    -9.5193e-017   -8.91967e-017    4.58585e-017
              55   -3.37404e-016   -9.37096e-017    4.52427e-017
              56   -2.04318e-016   -9.56847e-017    4.44713e-017
              57     2.2649e-016   -9.00325e-017    4.40483e-017
              58    -9.5193e-017   -9.01215e-017    4.32823e-017
              59    3.33067e-016   -8.29488e-017    4.31428e-017
              60     2.2649e-016   -7.77915e-017      4.273e-017
              61   -5.55112e-017   -7.74263e-017    4.20252e-017
              62     2.2649e-016   -7.25244e-017    4.16315e-017
              63    6.66784e-018   -7.12674e-017    4.09846e-017
              64    -9.5193e-017   -7.16412e-017    4.03409e-017
              65     2.2649e-016   -6.70546e-017    3.99794e-017
              66   -3.37404e-016   -7.11508e-017    3.95815e-017
              67     2.2649e-016   -6.67084e-017    3.92385e-017
              68   -2.04318e-016    -6.8732e-017    3.87101e-017
              69    6.66784e-018   -6.76393e-017    3.81606e-017
              70     2.2649e-016   -6.34374e-017    3.78455e-017
              71    -9.5193e-017   -6.38847e-017    3.73113e-017
              72   -3.37404e-016   -6.76836e-017    3.69851e-017
              73    3.33067e-016   -6.21938e-017    3.68857e-017
              74    -9.5193e-017   -6.26398e-017    3.63866e-017
              75    3.33067e-016   -5.73637e-017    3.62838e-017
              76   -3.37404e-016   -6.10484e-017    3.59923e-017
              77     2.2649e-016   -5.73142e-017    3.57175e-017
              78   -3.37404e-016   -6.09051e-017    3.54391e-017
              79    -9.5193e-017   -6.13391e-017    3.49903e-017
              80    -9.5193e-017   -6.17623e-017    3.45527e-017
              81    -9.5193e-017    -6.2175e-017     3.4126e-017
              82    3.33067e-016    -5.7355e-017    3.40501e-017
              83   -3.37404e-016    -6.0729e-017    3.38062e-017
              84   -3.37404e-016   -6.40228e-017    3.35633e-017
              85   -2.04318e-016   -6.56733e-017    3.32071e-017
              86   -5.55112e-017   -6.55551e-017    3.28189e-017
              87     2.2649e-016   -6.21983e-017    3.26127e-017
              88   -2.04318e-016   -6.38133e-017    3.22804e-017
              89    -9.5193e-017   -6.41659e-017    3.19176e-017
              90    3.33067e-016   -5.97522e-017    3.18681e-017
              91     2.2649e-016   -5.66067e-017    3.16725e-017
              92     2.2649e-016   -5.35295e-017    3.14772e-017
              93    -9.5193e-017   -5.39775e-017    3.11401e-017
              94   -2.04318e-016   -5.55769e-017    3.08485e-017
              95     2.2649e-016   -5.26078e-017    3.06661e-017
              96   -3.37404e-016   -5.55744e-017    3.04897e-017
              97   -3.37404e-016   -5.84799e-017    3.03133e-017
              98   -3.37404e-016    -6.1326e-017    3.01371e-017
              99    3.33067e-016   -5.73422e-017    3.00959e-017
             100   -3.37404e-016   -6.01429e-017    2.99248e-017
             101    -9.5193e-017   -6.04899e-017    2.96291e-017
             102    -9.5193e-017   -6.08301e-017    2.93391e-017
             103   -3.37404e-016   -6.35153e-017    2.91767e-017
             104   -3.37404e-016   -6.61488e-017    2.90145e-017
             105   -2.04318e-016   -6.74647e-017     2.8767e-017
             106   -3.37404e-016   -7.00113e-017    2.86079e-017
             107    3.33067e-016   -6.62442e-017    2.85885e-017
             108    3.33067e-016   -6.25469e-017    2.85629e-017
             109    -9.5193e-017   -6.28464e-017    2.83012e-017
             110    -9.5193e-017   -6.31405e-017    2.80443e-017
             111    -9.5193e-017   -6.34292e-017     2.7792e-017
             112   -3.37404e-016   -6.58754e-017    2.76512e-017
             113    -9.5193e-017   -6.61349e-017    2.74066e-017
             114     2.2649e-016    -6.3568e-017    2.72861e-017
             115    -9.5193e-017    -6.3843e-017    2.70492e-017
             116   -2.04318e-016    -6.5054e-017    2.68424e-017
             117   -3.37404e-016   -6.73818e-017    2.67136e-017
             118    -9.5193e-017   -6.76175e-017    2.64873e-017
             119     2.2649e-016    -6.5146e-017    2.63798e-017
             120     2.2649e-016   -6.27157e-017    2.62717e-017
             121   -3.37404e-016   -6.49858e-017    2.61523e-017
             122     2.2649e-016   -6.25967e-017    2.60469e-017
             123    -9.5193e-017   -6.28617e-017    2.58356e-017
             124   -5.55112e-017   -6.28024e-017    2.56265e-017
             125     2.2649e-016   -6.04881e-017    2.55258e-017
             126   -3.37404e-016   -6.26858e-017    2.54176e-017
             127   -3.37404e-016   -6.48489e-017    2.53093e-017
             128   -3.37404e-016   -6.69783e-017    2.52009e-017
             129    -9.5193e-017    -6.7197e-017    2.50057e-017
             130   -2.04318e-016   -6.82518e-017     2.4835e-017
             131    -9.5193e-017   -6.84574e-017    2.46456e-017
             132   -3.37404e-016   -7.04949e-017    2.45429e-017
             133    -9.5193e-017   -7.06806e-017    2.43584e-017
             134    -9.5193e-017   -7.08635e-017    2.41766e-017
             135    -9.5193e-017   -7.10438e-017    2.39975e-017
             136    -9.5193e-017   -7.12213e-017    2.38211e-017
             137     2.2649e-016   -6.90482e-017    2.37462e-017
             138    -9.5193e-017   -6.92377e-017    2.35742e-017
             139    3.33067e-016   -6.63434e-017    2.35823e-017
             140   -3.37404e-016   -6.82796e-017    2.34932e-017
             141    3.33067e-016   -6.54331e-017     2.3499e-017
             142   -3.37404e-016   -6.73484e-017    2.34114e-017
             143   -3.37404e-016   -6.92369e-017    2.33237e-017
             144     2.2649e-016   -6.71833e-017     2.3252e-017
             145   -3.37404e-016   -6.90469e-017    2.31662e-017
             146     2.2649e-016   -6.70226e-017    2.30958e-017
             147    3.33067e-016   -6.43009e-017    2.30991e-017
             148   -3.37404e-016   -6.61462e-017    2.30166e-017
             149     2.2649e-016   -6.41822e-017    2.29458e-017
             150   -3.37404e-016   -6.60037e-017     2.2865e-017
             151    -9.5193e-017    -6.6197e-017    2.27139e-017
             152    3.33067e-016   -6.35703e-017    2.27163e-017
             153    3.33067e-016   -6.09779e-017    2.27158e-017
             154   -3.37404e-016   -6.27728e-017    2.26391e-017
             155   -3.37404e-016   -6.45447e-017    2.25622e-017
             156   -3.37404e-016   -6.62938e-017    2.24852e-017
             157    -9.5193e-017   -6.64778e-017    2.23423e-017
             158   -2.04318e-016   -6.73502e-017    2.22176e-017
             159    3.33067e-016   -6.48319e-017    2.22206e-017
             160   -3.37404e-016   -6.65355e-017    2.21469e-017
             161   -2.04318e-016   -6.73912e-017    2.20255e-017
             162     2.2649e-016   -6.55772e-017    2.19642e-017
             163   -2.04318e-016   -6.64283e-017    2.18456e-017
             164   -5.55112e-017   -6.63618e-017    2.17121e-017
             165   -3.37404e-016   -6.80044e-017    2.16425e-017
             166    3.33067e-016   -6.55884e-017     2.1647e-017
             167   -3.37404e-016    -6.7216e-017    2.15785e-017
             168   -3.37404e-016   -6.88243e-017    2.15099e-017
             169   -3.37404e-016   -7.04135e-017    2.14412e-017
             170     2.2649e-016    -6.8667e-017    2.13861e-017
             171   -3.37404e-016   -7.02385e-017    2.13187e-017
             172   -3.37404e-016   -7.17918e-017    2.12512e-017
             173    -9.5193e-017   -7.19271e-017    2.11285e-017
             174   -3.37404e-016   -7.34528e-017     2.1062e-017
             175   -5.81566e-016   -7.63563e-017    2.11416e-017
             176    3.33067e-016   -7.40301e-017    2.11495e-017
             177    -9.5193e-017   -7.41496e-017      2.103e-017
             178     2.2649e-016   -7.24606e-017    2.09796e-017
             179   -3.37404e-016   -7.39408e-017    2.09145e-017
             180    -9.5193e-017   -7.40588e-017    2.07984e-017
             181   -5.55112e-017   -7.39564e-017    2.06834e-017
             182   -3.37404e-016   -7.54039e-017    2.06203e-017
             183   -5.81566e-016   -7.81698e-017     2.0693e-017
             184   -3.37404e-016   -7.95787e-017    2.06284e-017
             185   -5.55112e-017   -7.94486e-017     2.0517e-017
             186     2.2649e-016   -7.78037e-017    2.04726e-017
             187     2.2649e-016   -7.61765e-017    2.04277e-017
             188   -2.04318e-016   -7.68581e-017    2.03302e-017
             189   -5.81566e-016   -7.95285e-017    2.03979e-017
             190    3.33067e-016    -7.7357e-017    2.04061e-017
             191    3.33067e-016   -7.52082e-017    2.04124e-017
             192    3.33067e-016   -7.30817e-017    2.04169e-017
             193    -9.5193e-017   -7.31963e-017    2.03111e-017
             194    -9.5193e-017   -7.33097e-017    2.02065e-017
             195   -3.37404e-016    -7.4664e-017    2.01482e-017
             196   -5.81566e-016   -7.72502e-017    2.02113e-017
             197     2.2649e-016   -7.57084e-017    2.01674e-017
             198   -3.37404e-016   -7.70301e-017    2.01088e-017
             199    3.33067e-016   -7.49693e-017    2.01133e-017
             200   -3.37404e-016   -7.62815e-017    2.00555e-017
             201   -3.37404e-016   -7.75806e-017    1.99977e-017
             202   -3.37404e-016   -7.88669e-017      1.994e-017
             203   -3.37404e-016   -8.01404e-017    1.98823e-017
             204    -9.5193e-017   -8.02142e-017    1.97848e-017
             205     2.2649e-016   -7.87181e-017    1.97448e-017
             206    -9.5193e-017   -7.87981e-017    1.96489e-017
             207     2.2649e-016   -7.73233e-017    1.96093e-017
             208     2.2649e-016   -7.58626e-017    1.95694e-017
             209   -3.37404e-016    -7.7114e-017    1.95157e-017
             210   -2.04318e-016   -7.77197e-017    1.94319e-017
             211   -2.04318e-016   -7.83197e-017    1.93489e-017
             212    -9.5193e-017   -7.83993e-017    1.92576e-017
             213    3.33067e-016   -7.64676e-017    1.92641e-017
             214   -3.37404e-016   -7.76869e-017    1.92126e-017
             215   -3.37404e-016   -7.88949e-017    1.91611e-017
             216    -9.5193e-017   -7.89703e-017    1.90724e-017
             217   -2.04318e-016    -7.9548e-017    1.89931e-017
             218     2.2649e-016   -7.81441e-017    1.89578e-017
             219    -9.5193e-017    -7.8222e-017    1.88712e-017
             220   -3.37404e-016   -7.94001e-017    1.88221e-017
             221   -3.37404e-016   -8.05675e-017    1.87731e-017
             222   -3.37404e-016   -8.17244e-017    1.87241e-017
             223   -2.04318e-016   -8.22742e-017    1.86481e-017
             224   -2.04318e-016    -8.2819e-017    1.85726e-017
             225   -2.04318e-016    -8.3359e-017    1.84978e-017
             226   -5.55112e-017   -8.32358e-017    1.84162e-017
             227   -2.04318e-016   -8.37692e-017    1.83426e-017
             228   -2.04318e-016   -8.42979e-017    1.82696e-017
             229    -9.5193e-017   -8.43455e-017    1.81897e-017
             230     2.2649e-016    -8.2994e-017    1.81608e-017
             231   -2.04318e-016   -8.35192e-017    1.80897e-017
             232   -3.37404e-016   -8.46136e-017    1.80447e-017
             233   -3.37404e-016   -8.56985e-017    1.79999e-017
             234    3.33067e-016   -8.39089e-017    1.80119e-017
             235    3.33067e-016   -8.21345e-017    1.80226e-017
             236    -9.5193e-017   -8.21899e-017    1.79462e-017
             237    -9.5193e-017   -8.22447e-017    1.78704e-017
             238     2.2649e-016   -8.09475e-017    1.78424e-017
             239   -3.37404e-016   -8.20206e-017    1.77999e-017
             240   -3.37404e-016   -8.30847e-017    1.77575e-017
             241    -9.5193e-017   -8.31349e-017    1.76838e-017
             242     2.2649e-016   -8.18555e-017    1.76569e-017
             243   -3.37404e-016   -8.29071e-017    1.76156e-017
             244   -2.04318e-016   -8.34047e-017    1.75503e-017
             245     2.2649e-016   -8.21398e-017    1.75242e-017
             246   -4.17201e-016   -8.35019e-017    1.75059e-017
             247   -3.37404e-016   -8.45298e-017    1.74651e-017
             248   -3.37404e-016   -8.55495e-017    1.74244e-017
             249     2.2649e-016   -8.42963e-017    1.73995e-017
             250     2.2649e-016   -8.30531e-017    1.73743e-017
             251    3.33067e-016   -8.13953e-017    1.73842e-017
             252   -5.81566e-016   -8.33801e-017    1.74284e-017
             253   -3.37404e-016   -8.43841e-017    1.73884e-017
             254    -9.5193e-017   -8.44267e-017    1.73199e-017
             255    -9.5193e-017   -8.44689e-017    1.72519e-017
             256     2.2649e-016   -8.32542e-017    1.72272e-017
             257    -9.5193e-017   -8.33007e-017    1.71601e-017
             258   -2.04318e-016   -8.37697e-017    1.70999e-017
             259     2.2649e-016   -8.25718e-017    1.70758e-017
             260   -3.37404e-016    -8.3552e-017    1.70383e-017
             261     2.2649e-016   -8.23641e-017    1.70144e-017
             262   -3.37404e-016   -8.33375e-017    1.69772e-017
             263     2.2649e-016   -8.21594e-017    1.69535e-017
             264   -3.37404e-016   -8.31263e-017    1.69168e-017
             265   -2.04318e-016   -8.35836e-017    1.68591e-017
             266   -3.37404e-016   -8.45378e-017    1.68227e-017
             267    -9.5193e-017   -8.45777e-017    1.67596e-017
             268   -3.37404e-016   -8.55211e-017    1.67236e-017
             269   -3.37404e-016   -8.64575e-017    1.66876e-017
             270     2.2649e-016   -8.52984e-017     1.6666e-017
             271   -3.37404e-016   -8.62287e-017    1.66304e-017
             272   -5.81566e-016   -8.80498e-017     1.6669e-017
             273   -4.17201e-016   -8.92555e-017    1.66515e-017
             274   -2.04318e-016   -8.96754e-017    1.65959e-017
             275   -3.37404e-016   -9.05762e-017      1.656e-017
             276    -9.5193e-017   -9.05929e-017    1.64999e-017
             277     2.2649e-016   -8.94482e-017      1.648e-017
             278    -9.5193e-017   -8.94689e-017    1.64206e-017
             279     2.2649e-016   -8.83364e-017    1.64008e-017
             280     2.2649e-016   -8.72121e-017    1.63808e-017
             281    -9.5193e-017   -8.72405e-017    1.63224e-017
             282    -9.5193e-017   -8.72687e-017    1.62645e-017
             283     2.2649e-016     -8.616e-017    1.62448e-017
             284    3.33067e-016   -8.46838e-017    1.62546e-017
             285    -9.5193e-017   -8.47207e-017    1.61975e-017
             286     2.2649e-016   -8.36326e-017    1.61774e-017
             287   -3.37404e-016   -8.45168e-017    1.61452e-017
             288     2.2649e-016   -8.34369e-017    1.61252e-017
             289   -5.55112e-017   -8.33403e-017    1.60696e-017
             290   -5.55112e-017   -8.32443e-017    1.60144e-017
             291    -9.5193e-017   -8.32854e-017    1.59593e-017
             292   -3.37404e-016   -8.41556e-017    1.59284e-017
             293    3.33067e-016   -8.27317e-017    1.59377e-017
             294    3.33067e-016   -8.13174e-017    1.59462e-017
             295   -5.55112e-017   -8.12299e-017    1.58923e-017
             296   -2.04318e-016   -8.16457e-017     1.5844e-017
             297    -9.5193e-017   -8.16913e-017    1.57906e-017
             298     2.2649e-016   -8.06572e-017    1.57715e-017
             299   -3.37404e-016   -8.15159e-017    1.57421e-017
             300   -2.04318e-016   -8.19252e-017    1.56948e-017
             301     2.2649e-016   -8.09006e-017    1.56761e-017
             302     2.2649e-016   -7.98827e-017    1.56573e-017
             303   -5.55112e-017   -7.98023e-017    1.56057e-017
             304     2.2649e-016   -7.87947e-017    1.55869e-017
             305    -9.5193e-017   -7.88485e-017    1.55358e-017
             306    3.33067e-016   -7.75024e-017    1.55433e-017
             307     2.2649e-016   -7.65122e-017    1.55242e-017
             308    3.33067e-016   -7.51824e-017    1.55308e-017
             309   -3.37404e-016    -7.6031e-017    1.55037e-017
             310   -2.04318e-016   -7.64448e-017    1.54591e-017
             311    6.66784e-018   -7.61776e-017    1.54117e-017
             312    -9.5193e-017   -7.62385e-017    1.53623e-017
             313     2.2649e-016   -7.52713e-017    1.53437e-017
             314     2.2649e-016   -7.43103e-017    1.53249e-017
             315     2.2649e-016   -7.33554e-017     1.5306e-017
             316    -9.5193e-017   -7.34245e-017    1.52576e-017
             317     2.2649e-016   -7.24784e-017    1.52388e-017
             318    -9.5193e-017   -7.25498e-017     1.5191e-017
             319   -3.37404e-016   -7.33801e-017     1.5166e-017
             320    -9.5193e-017   -7.34483e-017    1.51187e-017
             321   -2.04318e-016    -7.3856e-017    1.50771e-017
             322   -5.81566e-016   -7.54327e-017    1.51126e-017
             323   -5.81566e-016   -7.69997e-017     1.5147e-017
             324    3.33067e-016    -7.5734e-017    1.51532e-017
             325    3.33067e-016   -7.44762e-017    1.51588e-017
             326     2.2649e-016    -7.3553e-017    1.51404e-017
             327     2.2649e-016   -7.26354e-017    1.51218e-017
             328    3.33067e-016   -7.13985e-017    1.51263e-017
             329   -3.37404e-016    -7.2207e-017    1.51019e-017
             330   -3.37404e-016   -7.30107e-017    1.50775e-017
             331   -2.04318e-016   -7.34074e-017    1.50372e-017
             332   -5.81566e-016    -7.4938e-017    1.50697e-017
             333    -9.5193e-017   -7.49988e-017    1.50245e-017
             334   -5.81566e-016   -7.65155e-017    1.50561e-017
             335    3.33067e-016   -7.52928e-017    1.50608e-017
             336   -5.81566e-016   -7.67996e-017    1.50913e-017
             337   -3.37404e-016   -7.75729e-017    1.50663e-017
             338     2.2649e-016   -7.66733e-017    1.50486e-017
             339     2.2649e-016    -7.5779e-017    1.50307e-017
             340    3.33067e-016   -7.45765e-017    1.50346e-017
             341    3.33067e-016   -7.33811e-017    1.50381e-017
             342     2.2649e-016   -7.25043e-017    1.50196e-017
             343   -3.37404e-016   -7.32766e-017    1.49957e-017
             344   -2.04318e-016   -7.36575e-017    1.49569e-017
             345    3.33067e-016   -7.24786e-017      1.496e-017
             346    3.33067e-016   -7.13065e-017    1.49627e-017
             347   -3.37404e-016   -7.20734e-017    1.49392e-017
             348   -5.55112e-017   -7.20258e-017    1.48963e-017
             349   -2.04318e-016   -7.24048e-017    1.48584e-017
             350   -5.55112e-017   -7.23566e-017    1.48159e-017
             351   -5.55112e-017   -7.23086e-017    1.47737e-017
             352   -2.04318e-016   -7.26836e-017    1.47365e-017
             353   -3.37404e-016   -7.34335e-017    1.47138e-017
             354   -2.04318e-016   -7.38032e-017    1.46768e-017
             355   -2.04318e-016   -7.41709e-017      1.464e-017
             356     2.2649e-016   -7.33263e-017    1.46233e-017
             357   -3.37404e-016    -7.4066e-017     1.4601e-017
             358   -3.37404e-016   -7.48016e-017    1.45787e-017
             359   -3.37404e-016   -7.55331e-017    1.45564e-017
             360   -3.37404e-016   -7.62605e-017    1.45342e-017
             361   -3.37404e-016   -7.69839e-017    1.45119e-017
             362     2.2649e-016   -7.61456e-017     1.4496e-017
             363   -3.37404e-016   -7.68653e-017    1.44739e-017
             364     2.2649e-016   -7.60319e-017    1.44581e-017
             365   -3.37404e-016    -7.6748e-017    1.44363e-017
             366     2.2649e-016   -7.59195e-017    1.44206e-017
             367    -9.5193e-017    -7.5972e-017    1.43813e-017
             368     2.2649e-016   -7.51501e-017    1.43657e-017
             369    -9.5193e-017   -7.52044e-017    1.43268e-017
             370   -5.55112e-017   -7.51512e-017    1.42882e-017
             371    3.33067e-016   -7.40509e-017     1.4292e-017
             372   -3.37404e-016   -7.47588e-017    1.42711e-017
             373     2.2649e-016   -7.39512e-017    1.42557e-017
             374    3.33067e-016   -7.28629e-017    1.42591e-017
             375    3.33067e-016   -7.17804e-017    1.42622e-017
             376     2.2649e-016   -7.09871e-017    1.42463e-017
             377     2.2649e-016   -7.01981e-017    1.42304e-017
             378    -9.5193e-017   -7.02642e-017    1.41928e-017
             379     2.2649e-016   -6.94812e-017     1.4177e-017
             380   -3.37404e-016   -7.01863e-017    1.41572e-017
             381    -9.5193e-017   -7.02519e-017    1.41201e-017
             382     2.2649e-016   -6.94751e-017    1.41045e-017
             383   -5.81566e-016   -7.08121e-017     1.4131e-017
             384   -3.37404e-016   -7.15064e-017    1.41113e-017
             385   -3.37404e-016    -7.2197e-017    1.40915e-017
             386    -9.5193e-017   -7.22566e-017    1.40551e-017
             387   -3.37404e-016   -7.29417e-017    1.40355e-017
             388   -2.04318e-016   -7.32803e-017    1.40033e-017
             389   -5.55112e-017   -7.32347e-017    1.39674e-017
             390   -3.37404e-016    -7.3912e-017     1.3948e-017
             391    -9.5193e-017   -7.39664e-017    1.39123e-017
             392    3.33067e-016   -7.29281e-017    1.39156e-017
             393    -9.5193e-017   -7.29847e-017    1.38803e-017
             394    3.33067e-016   -7.19542e-017    1.38833e-017
             395    -9.5193e-017    -7.2013e-017    1.38482e-017
             396    -9.5193e-017   -7.20715e-017    1.38133e-017
             397   -5.81566e-016   -7.33549e-017    1.38381e-017
             398    3.33067e-016   -7.23337e-017     1.3841e-017
             399   -2.04318e-016   -7.26645e-017    1.38103e-017
             400   -3.37404e-016   -7.33264e-017    1.37916e-017
             401    -9.5193e-017   -7.33809e-017    1.37573e-017
             402    -9.5193e-017   -7.34351e-017    1.37231e-017
             403    3.33067e-016   -7.24265e-017    1.37261e-017
             404   -5.81566e-016   -7.36867e-017      1.375e-017
             405   -5.81566e-016   -7.49407e-017    1.37732e-017
             406    3.33067e-016   -7.39358e-017    1.37759e-017
             407   -3.37404e-016   -7.45831e-017    1.37573e-017
             408   -3.37404e-016   -7.52273e-017    1.37386e-017
             409    3.33067e-016    -7.4229e-017    1.37413e-017
             410   -3.37404e-016   -7.48709e-017    1.37228e-017
             411     2.2649e-016   -7.41377e-017     1.3709e-017
             412     2.2649e-016    -7.3408e-017    1.36951e-017
             413     2.2649e-016   -7.26818e-017    1.36812e-017
             414    -9.5193e-017   -7.27362e-017    1.36482e-017
             415   -2.04318e-016   -7.30533e-017     1.3619e-017
             416   -3.37404e-016   -7.36887e-017    1.36011e-017
             417     2.2649e-016   -7.29689e-017    1.35875e-017
             418   -3.37404e-016   -7.36015e-017    1.35697e-017
             419   -3.37404e-016   -7.42311e-017    1.35519e-017
             420   -5.81566e-016    -7.5439e-017    1.35734e-017
             421   -3.37404e-016   -7.60613e-017    1.35555e-017
             422   -3.37404e-016   -7.66806e-017    1.35375e-017
             423   -4.17201e-016   -7.74856e-017    1.35294e-017
             424    3.33067e-016   -7.65173e-017    1.35321e-017
             425     2.2649e-016   -7.58044e-017    1.35191e-017
             426   -3.37404e-016   -7.64184e-017    1.35013e-017
             427   -2.04318e-016    -7.6718e-017     1.3473e-017
             428    -9.5193e-017   -7.67611e-017    1.34415e-017
             429    -9.5193e-017   -7.68041e-017    1.34102e-017
             430   -2.04318e-016   -7.71006e-017    1.33823e-017
             431    6.66784e-018   -7.69063e-017    1.33526e-017
             432   -2.04318e-016   -7.72012e-017    1.33249e-017
             433   -2.04318e-016   -7.74948e-017    1.32973e-017
             434    3.33067e-016   -7.65488e-017    1.33004e-017
             435   -2.04318e-016   -7.68425e-017     1.3273e-017
             436   -5.55112e-017   -7.67936e-017    1.32426e-017
             437   -2.04318e-016   -7.70854e-017    1.32155e-017
             438     2.2649e-016   -7.63923e-017    1.32035e-017
             439   -3.37404e-016   -7.69869e-017    1.31868e-017
             440   -3.37404e-016   -7.75787e-017    1.31701e-017
             441    -9.5193e-017   -7.76187e-017    1.31403e-017
             442    -9.5193e-017   -7.76584e-017    1.31106e-017
             443    3.33067e-016   -7.67313e-017    1.31137e-017
             444    -9.5193e-017   -7.67729e-017    1.30842e-017
             445   -3.37404e-016   -7.73586e-017    1.30679e-017
             446   -3.37404e-016   -7.79416e-017    1.30516e-017
             447   -3.37404e-016   -7.85221e-017    1.30353e-017
             448   -2.04318e-016   -7.88029e-017    1.30092e-017
             449     2.2649e-016   -7.81229e-017     1.2998e-017
             450     2.2649e-016    -7.7446e-017    1.29868e-017
             451   -5.55112e-017   -7.73974e-017     1.2958e-017
             452   -2.04318e-016   -7.76782e-017    1.29324e-017
             453   -5.55112e-017   -7.76292e-017    1.29039e-017
             454     2.2649e-016   -7.69594e-017    1.28928e-017
             455    -9.5193e-017   -7.69994e-017    1.28645e-017
             456     2.2649e-016   -7.63339e-017    1.28535e-017
             457    -9.5193e-017   -7.63752e-017    1.28254e-017
             458    3.33067e-016   -7.54812e-017    1.28286e-017
             459   -5.81566e-016   -7.65838e-017     1.2848e-017
             460   -3.37404e-016   -7.71508e-017    1.28326e-017
             461    3.33067e-016   -7.62609e-017    1.28356e-017
             462    -9.5193e-017   -7.63019e-017    1.28079e-017
             463   -3.37404e-016   -7.68658e-017    1.27926e-017
             464   -3.37404e-016   -7.74273e-017    1.27773e-017
             465    -9.5193e-017   -7.74655e-017    1.27499e-017
             466   -3.37404e-016   -7.80234e-017    1.27347e-017
             467     2.2649e-016   -7.73713e-017    1.27241e-017
             468    3.33067e-016   -7.64943e-017    1.27272e-017
             469   -4.17201e-016   -7.72207e-017    1.27208e-017
             470   -5.81566e-016   -7.82938e-017     1.2739e-017
             471    3.33067e-016   -7.74204e-017    1.27419e-017
             472   -3.37404e-016   -7.79712e-017    1.27268e-017
             473   -3.37404e-016   -7.85197e-017    1.27117e-017
             474   -4.17201e-016   -7.92342e-017    1.27049e-017
             475   -3.37404e-016   -7.97778e-017    1.26898e-017
             476   -2.04318e-016   -8.00394e-017    1.26658e-017
             477    -9.5193e-017   -8.00712e-017    1.26393e-017
             478     2.2649e-016   -7.94298e-017    1.26291e-017
             479   -5.81566e-016   -8.04781e-017    1.26462e-017
             480   -5.81566e-016   -8.15221e-017    1.26629e-017
             481   -3.37404e-016    -8.2054e-017    1.26478e-017
             482    -9.5193e-017   -8.20813e-017    1.26215e-017
             483   -5.81566e-016   -8.31154e-017    1.26378e-017
             484   -3.37404e-016   -8.36408e-017    1.26226e-017
             485     2.2649e-016   -8.30014e-017    1.26127e-017
             486     2.2649e-016   -8.23646e-017    1.26029e-017
             487   -2.04318e-016    -8.2615e-017    1.25794e-017
             488   -5.55112e-017   -8.25594e-017    1.25538e-017
             489   -2.04318e-016   -8.28084e-017    1.25305e-017
             490     2.2649e-016   -8.21772e-017    1.25209e-017
             491    -9.5193e-017   -8.22037e-017    1.24954e-017
             492   -3.37404e-016   -8.27224e-017    1.24807e-017
             493    -9.5193e-017   -8.27477e-017    1.24554e-017
             494   -2.04318e-016   -8.29938e-017    1.24326e-017
             495    -9.5193e-017   -8.30185e-017    1.24075e-017
             496   -3.37404e-016   -8.35313e-017    1.23931e-017
             497    3.33067e-016   -8.26931e-017    1.23965e-017
             498   -3.37404e-016   -8.32046e-017    1.23821e-017
             499     2.2649e-016   -8.25839e-017    1.23729e-017
             500   -3.37404e-016   -8.30936e-017    1.23586e-017
             501   -2.04318e-016   -8.33355e-017    1.23363e-017
             502   -3.37404e-016   -8.38417e-017    1.23221e-017
             503   -3.37404e-016   -8.43458e-017    1.23079e-017
             504   -2.04318e-016   -8.45838e-017    1.22858e-017
             505    -9.5193e-017   -8.46048e-017    1.22614e-017
             506   -3.37404e-016   -8.51044e-017    1.22474e-017
             507    3.33067e-016   -8.42796e-017     1.2251e-017
             508    3.33067e-016   -8.34581e-017    1.22544e-017
             509   -5.81566e-016   -8.44367e-017    1.22694e-017
             510    -9.5193e-017   -8.44578e-017    1.22453e-017
             511     2.2649e-016   -8.38492e-017    1.22365e-017
             512   -5.81566e-016   -8.48213e-017    1.22512e-017
             513    -9.5193e-017   -8.48416e-017    1.22273e-017
             514   -5.81566e-016    -8.5808e-017    1.22417e-017
             515     2.2649e-016   -8.52016e-017    1.22329e-017
             516     2.2649e-016   -8.45975e-017    1.22241e-017
             517   -3.37404e-016   -8.50865e-017    1.22103e-017
             518    3.33067e-016   -8.42792e-017    1.22134e-017
             519     2.2649e-016   -8.36805e-017    1.22045e-017
             520     2.2649e-016    -8.3084e-017    1.21956e-017
             521    -9.5193e-017   -8.31072e-017    1.21722e-017
             522    -9.5193e-017   -8.31304e-017    1.21489e-017
             523   -2.04318e-016   -8.33621e-017    1.21279e-017
             524   -3.37404e-016   -8.38469e-017    1.21144e-017
             525   -3.37404e-016   -8.43299e-017    1.21009e-017
             526     2.2649e-016    -8.3739e-017    1.20924e-017
             527     2.2649e-016   -8.31503e-017    1.20837e-017
             528     2.2649e-016   -8.25638e-017    1.20751e-017
             529    3.33067e-016   -8.17782e-017    1.20778e-017
             530    3.33067e-016   -8.09954e-017    1.20804e-017
             531   -3.37404e-016   -8.14783e-017    1.20673e-017
             532   -3.37404e-016   -8.19594e-017    1.20542e-017
             533    -9.5193e-017   -8.19842e-017    1.20316e-017
             534     2.2649e-016   -8.14065e-017    1.20229e-017
             535    -9.5193e-017   -8.14323e-017    1.20004e-017
             536    -9.5193e-017    -8.1458e-017    1.19781e-017
             537    -9.5193e-017   -8.14835e-017    1.19558e-017
             538   -3.37404e-016   -8.19592e-017     1.1943e-017
             539   -2.04318e-016   -8.21862e-017     1.1923e-017
             540     2.2649e-016   -8.16146e-017    1.19146e-017
             541    -9.5193e-017   -8.16397e-017    1.18926e-017
             542     2.2649e-016   -8.10712e-017    1.18842e-017
             543   -3.37404e-016   -8.15433e-017    1.18717e-017
             544     2.2649e-016    -8.0977e-017    1.18634e-017
             545    3.33067e-016   -8.02173e-017    1.18659e-017
             546   -3.37404e-016   -8.06884e-017    1.18536e-017
             547   -3.37404e-016   -8.11577e-017    1.18412e-017
             548   -5.55112e-017   -8.11109e-017    1.18196e-017
             549   -3.37404e-016   -8.15777e-017    1.18073e-017
             550   -5.81566e-016   -8.24868e-017    1.18208e-017
             551     2.2649e-016    -8.1926e-017    1.18127e-017
             552   -3.37404e-016   -8.23889e-017    1.18003e-017
             553   -3.37404e-016     -8.285e-017     1.1788e-017
             554   -3.37404e-016   -8.33095e-017    1.17757e-017
             555    3.33067e-016   -8.25593e-017    1.17784e-017
             556   -3.37404e-016   -8.30176e-017    1.17661e-017
             557    -9.5193e-017   -8.30395e-017     1.1745e-017
             558    3.33067e-016   -8.22938e-017    1.17476e-017
             559    -9.5193e-017   -8.23168e-017    1.17266e-017
             560     2.2649e-016   -8.17654e-017    1.17186e-017
             561    3.33067e-016   -8.10259e-017     1.1721e-017
             562     2.2649e-016   -8.04788e-017     1.1713e-017
             563   -5.81566e-016   -8.13688e-017     1.1726e-017
             564    3.33067e-016    -8.0634e-017    1.17282e-017
             565   -3.37404e-016   -8.10884e-017    1.17162e-017
             566    3.33067e-016   -8.03567e-017    1.17184e-017
             567    -9.5193e-017   -8.03829e-017    1.16977e-017
             568     2.2649e-016   -7.98426e-017    1.16896e-017
             569    3.33067e-016   -7.91169e-017    1.16916e-017
             570    -9.5193e-017   -7.91451e-017    1.16711e-017
             571    -9.5193e-017   -7.91732e-017    1.16507e-017
             572   -3.37404e-016   -7.96247e-017     1.1639e-017
             573    3.33067e-016   -7.89045e-017     1.1641e-017
             574    -9.5193e-017   -7.89328e-017    1.16207e-017
             575    -9.5193e-017   -7.89611e-017    1.16006e-017
             576   -3.37404e-016   -7.94098e-017    1.15891e-017
             577     2.2649e-016   -7.88797e-017    1.15811e-017
             578     2.2649e-016   -7.83513e-017    1.15731e-017
             579    3.33067e-016   -7.76408e-017     1.1575e-017
             580     2.2649e-016   -7.71164e-017    1.15669e-017
             581   -3.37404e-016   -7.75644e-017    1.15556e-017
             582    3.33067e-016   -7.68588e-017    1.15573e-017
             583   -3.37404e-016   -7.73058e-017    1.15461e-017
             584   -3.37404e-016   -7.77511e-017    1.15349e-017
             585    -9.5193e-017   -7.77809e-017    1.15152e-017
             586     2.2649e-016   -7.72617e-017    1.15073e-017
             587   -3.37404e-016   -7.77049e-017    1.14962e-017
             588    -9.5193e-017   -7.77346e-017    1.14767e-017
             589   -3.37404e-016   -7.81755e-017    1.14657e-017
             590   -3.37404e-016   -7.86149e-017    1.14547e-017
             591   -3.37404e-016   -7.90527e-017    1.14436e-017
             592   -5.81566e-016   -7.99016e-017    1.14558e-017
             593   -3.37404e-016   -8.03358e-017    1.14447e-017
             594     2.2649e-016   -7.98193e-017    1.14371e-017
             595    3.33067e-016   -7.91253e-017    1.14389e-017
             596    -9.5193e-017   -7.91523e-017    1.14197e-017
             597   -5.55112e-017   -7.91127e-017    1.14007e-017
             598    -9.5193e-017   -7.91396e-017    1.13816e-017
             599   -2.04318e-016   -7.93486e-017    1.13645e-017
             600   -3.37404e-016   -7.97787e-017    1.13537e-017
             601     2.2649e-016   -7.92691e-017    1.13462e-017
             602    -9.5193e-017   -7.92955e-017    1.13274e-017
             603    -9.5193e-017   -7.93219e-017    1.13086e-017
             604    3.33067e-016   -7.86391e-017    1.13105e-017
             605    3.33067e-016   -7.79586e-017    1.13123e-017
             606   -5.81566e-016   -7.87897e-017    1.13242e-017
             607     2.2649e-016   -7.82867e-017    1.13167e-017
             608   -2.04318e-016    -7.8494e-017    1.12999e-017
             609     2.2649e-016   -7.79932e-017    1.12925e-017
             610     2.2649e-016   -7.74941e-017     1.1285e-017
             611    -9.5193e-017    -7.7523e-017    1.12665e-017
             612    -9.5193e-017   -7.75519e-017    1.12482e-017
             613   -3.37404e-016   -7.79758e-017    1.12378e-017
             614     2.2649e-016   -7.74799e-017    1.12304e-017
             615   -3.37404e-016   -7.79026e-017    1.12201e-017
             616    3.33067e-016   -7.72354e-017    1.12217e-017
             617   -5.81566e-016   -7.80528e-017    1.12333e-017
             618   -3.37404e-016   -7.84725e-017     1.1223e-017
             619    -9.5193e-017   -7.84995e-017    1.12049e-017
             620   -3.37404e-016   -7.89171e-017    1.11946e-017
             621   -3.37404e-016   -7.93333e-017    1.11843e-017
             622   -3.37404e-016   -7.97482e-017     1.1174e-017
             623     2.2649e-016   -7.92567e-017    1.11669e-017
             624   -5.55112e-017   -7.92186e-017     1.1149e-017
             625    -9.5193e-017   -7.92442e-017    1.11312e-017
             626    -9.5193e-017   -7.92696e-017    1.11134e-017
             627    3.33067e-016    -7.8612e-017    1.11152e-017
             628    3.33067e-016   -7.79565e-017    1.11168e-017
             629     2.2649e-016   -7.74725e-017    1.11096e-017
             630   -2.04318e-016   -7.76738e-017    1.10938e-017
             631    3.33067e-016   -7.70229e-017    1.10953e-017
             632   -3.37404e-016   -7.74349e-017    1.10854e-017
             633     2.2649e-016   -7.69547e-017    1.10783e-017
             634   -2.04318e-016   -7.71556e-017    1.10626e-017
             635     2.2649e-016   -7.66774e-017    1.10556e-017
             636     2.2649e-016   -7.62007e-017    1.10484e-017
             637    6.66784e-018   -7.60707e-017    1.10319e-017
             638   -5.55112e-017   -7.60384e-017    1.10146e-017
             639   -5.81566e-016   -7.68296e-017    1.10258e-017
             640    3.33067e-016   -7.61891e-017    1.10271e-017
             641    -9.5193e-017   -7.62187e-017      1.101e-017
             642    -9.5193e-017   -7.62483e-017    1.09928e-017
             643   -3.37404e-016   -7.66544e-017    1.09832e-017
             644    3.33067e-016   -7.60182e-017    1.09846e-017
             645   -3.37404e-016   -7.64235e-017    1.09751e-017
             646    -9.5193e-017   -7.64525e-017    1.09581e-017
             647   -5.55112e-017   -7.64202e-017    1.09412e-017
             648    -9.5193e-017   -7.64491e-017    1.09243e-017
             649   -2.04318e-016   -7.66462e-017    1.09093e-017
             650    -9.5193e-017   -7.66747e-017    1.08925e-017
             651   -2.04318e-016   -7.68708e-017    1.08775e-017
             652   -2.04318e-016   -7.70662e-017    1.08626e-017
             653    3.33067e-016   -7.64382e-017    1.08641e-017
             654    3.33067e-016    -7.5812e-017    1.08655e-017
             655   -5.81566e-016   -7.65842e-017    1.08764e-017
             656    -9.5193e-017   -7.66125e-017    1.08598e-017
             657     2.2649e-016   -7.61512e-017    1.08531e-017
             658    -9.5193e-017   -7.61801e-017    1.08366e-017
             659     2.2649e-016   -7.57208e-017    1.08299e-017
             660    3.33067e-016   -7.51015e-017    1.08312e-017
             661    -9.5193e-017   -7.51318e-017    1.08149e-017
             662   -2.04318e-016    -7.5327e-017    1.08003e-017
             663   -3.37404e-016   -7.57223e-017    1.07912e-017
             664   -5.81566e-016   -7.64841e-017    1.08019e-017
             665    3.33067e-016   -7.58682e-017    1.08032e-017
             666   -3.37404e-016   -7.62609e-017    1.07941e-017
             667   -3.37404e-016   -7.66524e-017     1.0785e-017
             668    -9.5193e-017   -7.66802e-017    1.07689e-017
             669   -3.37404e-016   -7.70699e-017    1.07598e-017
             670     2.2649e-016   -7.66168e-017    1.07533e-017
             671   -2.04318e-016   -7.68072e-017    1.07389e-017
             672    -9.5193e-017   -7.68345e-017     1.0723e-017
             673    -9.5193e-017   -7.68618e-017    1.07071e-017
             674   -5.55112e-017   -7.68301e-017    1.06912e-017
             675     2.2649e-016   -7.63808e-017    1.06848e-017
             676     2.2649e-016   -7.59327e-017    1.06784e-017
             677    -9.5193e-017   -7.59612e-017    1.06627e-017
             678    -9.5193e-017   -7.59895e-017     1.0647e-017
             679   -2.04318e-016   -7.61785e-017     1.0633e-017
             680    -9.5193e-017   -7.62065e-017    1.06173e-017
             681   -3.37404e-016     -7.659e-017    1.06087e-017
             682     2.2649e-016   -7.61456e-017    1.06024e-017
             683   -5.81566e-016   -7.68856e-017    1.06127e-017
             684    3.33067e-016   -7.62863e-017    1.06141e-017
             685   -5.81566e-016   -7.70239e-017    1.06243e-017
             686     2.2649e-016   -7.65815e-017     1.0618e-017
             687    3.33067e-016   -7.59852e-017    1.06193e-017
             688   -3.37404e-016   -7.63652e-017    1.06106e-017
             689    -9.5193e-017   -7.63925e-017    1.05953e-017
             690     2.2649e-016   -7.59535e-017     1.0589e-017
             691   -5.81566e-016   -7.66853e-017    1.05989e-017
             692    3.33067e-016   -7.60931e-017    1.06002e-017
             693   -3.37404e-016   -7.64702e-017    1.05916e-017
             694   -5.81566e-016    -7.7198e-017    1.06013e-017
             695     2.2649e-016    -7.6761e-017    1.05951e-017
             696    -9.5193e-017   -7.67875e-017    1.05799e-017
             697    3.33067e-016   -7.61995e-017     1.0581e-017
             698   -3.37404e-016   -7.65737e-017    1.05725e-017
             699    -9.5193e-017   -7.66004e-017    1.05574e-017
             700    -9.5193e-017   -7.66269e-017    1.05423e-017
             701   -3.37404e-016   -7.69989e-017    1.05338e-017
             702    -9.5193e-017   -7.70248e-017    1.05189e-017
             703    -9.5193e-017   -7.70507e-017    1.05039e-017
             704   -2.04318e-016   -7.72315e-017    1.04905e-017
             705     2.2649e-016   -7.68007e-017    1.04845e-017
             706     2.2649e-016   -7.63711e-017    1.04785e-017
             707    3.33067e-016   -7.57919e-017    1.04796e-017
             708    -9.5193e-017   -7.58193e-017    1.04649e-017
             709   -2.04318e-016   -7.60006e-017    1.04517e-017
             710   -3.37404e-016   -7.63688e-017    1.04434e-017
             711    -9.5193e-017   -7.63952e-017    1.04288e-017
             712     2.2649e-016   -7.59698e-017    1.04228e-017
             713    -9.5193e-017   -7.59968e-017    1.04082e-017
             714     2.2649e-016   -7.55731e-017    1.04022e-017
             715    -9.5193e-017   -7.56006e-017    1.03877e-017
             716    -9.5193e-017   -7.56279e-017    1.03732e-017
             717   -2.04318e-016   -7.58074e-017    1.03603e-017
             718     2.2649e-016   -7.53864e-017    1.03544e-017
             719   -3.37404e-016   -7.57508e-017    1.03464e-017
             720     2.2649e-016    -7.5331e-017    1.03406e-017
             721     2.2649e-016   -7.49124e-017    1.03347e-017
             722    -9.5193e-017   -7.49405e-017    1.03204e-017
             723     2.2649e-016   -7.45236e-017    1.03146e-017
             724   -3.37404e-016   -7.48867e-017    1.03067e-017
             725    3.33067e-016    -7.4324e-017    1.03079e-017
             726     2.2649e-016   -7.39097e-017     1.0302e-017
             727     2.2649e-016   -7.34965e-017    1.02961e-017
             728    -9.5193e-017   -7.35263e-017     1.0282e-017
             729    -9.5193e-017    -7.3556e-017    1.02679e-017
             730   -2.04318e-016   -7.37351e-017    1.02554e-017
             731   -2.04318e-016   -7.39137e-017    1.02429e-017
             732     2.2649e-016   -7.35034e-017    1.02372e-017
             733   -3.37404e-016   -7.38634e-017    1.02295e-017
             734    -9.5193e-017   -7.38924e-017    1.02156e-017
             735   -2.04318e-016   -7.40699e-017    1.02032e-017
             736    -9.5193e-017   -7.40986e-017    1.01894e-017
             737    -9.5193e-017   -7.41272e-017    1.01756e-017
             738   -5.81566e-016   -7.48148e-017    1.01851e-017
             739   -5.81566e-016   -7.55005e-017    1.01944e-017
             740   -3.37404e-016   -7.58544e-017    1.01867e-017
             741    3.33067e-016   -7.53026e-017    1.01879e-017
             742    3.33067e-016   -7.47522e-017    1.01891e-017
             743    -9.5193e-017   -7.47797e-017    1.01754e-017
             744   -2.04318e-016   -7.49539e-017    1.01632e-017
             745   -3.37404e-016   -7.53061e-017    1.01556e-017
             746    -9.5193e-017   -7.53328e-017    1.01421e-017
             747    -9.5193e-017   -7.53594e-017    1.01285e-017
             748    -9.5193e-017   -7.53859e-017     1.0115e-017
             749   -4.17201e-016   -7.58423e-017    1.01118e-017
             750    -9.5193e-017   -7.58681e-017    1.00983e-017
             751   -3.37404e-016   -7.62163e-017    1.00909e-017
             752    -9.5193e-017   -7.62415e-017    1.00775e-017
             753    -9.5193e-017   -7.62667e-017    1.00641e-017
             754     2.2649e-016   -7.58652e-017    1.00588e-017
             755   -5.81566e-016    -7.6535e-017    1.00678e-017
             756   -3.37404e-016     -7.688e-017    1.00603e-017
             757   -5.55112e-017   -7.68518e-017    1.00471e-017
             758    3.33067e-016    -7.6311e-017    1.00484e-017
             759    -9.5193e-017   -7.63359e-017    1.00352e-017
             760   -2.04318e-016   -7.65043e-017    1.00234e-017
             761   -2.04318e-016   -7.66723e-017    1.00116e-017
             762    -9.5193e-017   -7.66966e-017    9.99848e-018
             763   -3.37404e-016   -7.70382e-017    9.99121e-018
             764   -3.37404e-016    -7.7379e-017    9.98394e-018
             765   -3.37404e-016   -7.77189e-017    9.97668e-018
             766    3.33067e-016   -7.71827e-017    9.97807e-018
             767    3.33067e-016   -7.66478e-017    9.97939e-018
             768    3.33067e-016   -7.61143e-017    9.98066e-018
             769    3.33067e-016   -7.55822e-017    9.98186e-018
             770   -3.37404e-016   -7.59222e-017    9.97469e-018
             771    3.33067e-016   -7.53918e-017    9.97586e-018
             772    -9.5193e-017   -7.54174e-017    9.96296e-018
             773   -3.37404e-016   -7.57563e-017    9.95583e-018
             774    -9.5193e-017   -7.57815e-017    9.94299e-018
             775    -9.5193e-017   -7.58065e-017    9.93019e-018
             776     2.2649e-016   -7.54169e-017    9.92503e-018
             777    3.33067e-016   -7.48912e-017    9.92618e-018
             778    -9.5193e-017   -7.49173e-017    9.91345e-018
             779    -9.5193e-017   -7.49434e-017    9.90075e-018
             780   -2.04318e-016   -7.51092e-017    9.88944e-018
             781   -3.37404e-016   -7.54451e-017    9.88247e-018
             782     2.2649e-016    -7.5059e-017    9.87738e-018
             783   -5.81566e-016   -7.57058e-017    9.88594e-018
             784   -5.81566e-016   -7.63511e-017    9.89439e-018
             785   -5.81566e-016   -7.69947e-017    9.90271e-018
             786   -3.37404e-016    -7.7326e-017    9.89565e-018
             787    -9.5193e-017   -7.73487e-017    9.88309e-018
             788    -9.5193e-017   -7.73713e-017    9.87057e-018
             789    3.33067e-016   -7.68511e-017    9.87177e-018
             790    3.33067e-016   -7.63322e-017    9.87291e-018
             791    3.33067e-016   -7.58147e-017    9.87399e-018
             792    -9.5193e-017   -7.58391e-017    9.86155e-018
             793     2.2649e-016   -7.54579e-017    9.85648e-018
             794    -9.5193e-017   -7.54827e-017    9.84409e-018
             795    -9.5193e-017   -7.55075e-017    9.83173e-018
             796   -3.37404e-016   -7.58365e-017    9.82488e-018
             797    3.33067e-016   -7.53235e-017    9.82595e-018
             798   -3.37404e-016   -7.56519e-017    9.81912e-018
             799   -3.37404e-016   -7.59795e-017     9.8123e-018
             800   -5.81566e-016   -7.66115e-017    9.82038e-018
             801   -3.37404e-016   -7.69371e-017    9.81352e-018
             802     2.2649e-016   -7.65587e-017    9.80857e-018
             803   -2.04318e-016   -7.67178e-017    9.79764e-018
             804     2.2649e-016   -7.63407e-017    9.79271e-018
             805    -9.5193e-017   -7.63641e-017    9.78057e-018
             806    6.66784e-018   -7.62611e-017    9.76897e-018
             807    3.33067e-016   -7.57539e-017    9.77003e-018
             808   -3.37404e-016   -7.60777e-017     9.7633e-018
             809   -3.37404e-016   -7.64007e-017    9.75658e-018
             810    3.33067e-016   -7.58952e-017    9.75763e-018
             811   -3.37404e-016   -7.62177e-017    9.75092e-018
             812   -3.37404e-016   -7.65393e-017    9.74422e-018
             813     2.2649e-016   -7.61666e-017    9.73936e-018
             814    -9.5193e-017     -7.619e-017    9.72741e-018
             815     2.2649e-016   -7.58186e-017    9.72257e-018
             816     2.2649e-016   -7.54481e-017    9.71771e-018
             817     2.2649e-016   -7.50785e-017    9.71284e-018
             818    3.33067e-016   -7.45796e-017    9.71378e-018
             819    -9.5193e-017   -7.46048e-017    9.70195e-018
             820    -9.5193e-017   -7.46299e-017    9.69014e-018
             821   -3.37404e-016   -7.49499e-017    9.68362e-018
             822     2.2649e-016   -7.45832e-017    9.67878e-018
             823    -9.5193e-017   -7.46083e-017    9.66705e-018
             824    -9.5193e-017   -7.46332e-017    9.65534e-018
             825   -5.55112e-017   -7.46101e-017    9.64366e-018
             826     2.2649e-016   -7.42455e-017    9.63887e-018
             827   -3.37404e-016   -7.45637e-017    9.63247e-018
             828    -9.5193e-017   -7.45887e-017    9.62086e-018
             829    3.33067e-016   -7.40969e-017    9.62182e-018
             830     2.2649e-016   -7.37348e-017    9.61704e-018
             831   -3.37404e-016   -7.40521e-017     9.6107e-018
             832    6.66784e-018    -7.3955e-017    9.59963e-018
             833   -5.55112e-017   -7.39329e-017    9.58813e-018
             834     2.2649e-016   -7.35727e-017     9.5834e-018
             835     2.2649e-016   -7.32133e-017    9.57866e-018
             836   -2.04318e-016   -7.33701e-017    9.56848e-018
             837     2.2649e-016   -7.30119e-017    9.56375e-018
             838   -3.37404e-016   -7.33274e-017    9.55754e-018
             839     2.2649e-016     -7.297e-017    9.55283e-018
             840   -5.81566e-016   -7.35755e-017    9.56064e-018
             841    3.33067e-016    -7.3092e-017     9.5615e-018
             842   -4.17201e-016   -7.35007e-017    9.55888e-018
             843   -3.37404e-016   -7.38137e-017    9.55266e-018
             844    -9.5193e-017    -7.3839e-017    9.54137e-018
             845   -2.04318e-016   -7.39935e-017    9.53132e-018
             846     2.2649e-016   -7.36383e-017    9.52667e-018
             847   -3.37404e-016   -7.39497e-017    9.52051e-018
             848   -3.37404e-016   -7.42604e-017    9.51435e-018
             849    -9.5193e-017    -7.4285e-017    9.50317e-018
             850    -9.5193e-017   -7.43096e-017    9.49202e-018
             851   -3.37404e-016   -7.46188e-017     9.4859e-018
             852    -9.5193e-017   -7.46429e-017    9.47479e-018
             853    -9.5193e-017    -7.4667e-017     9.4637e-018
             854   -2.04318e-016   -7.48188e-017    9.45383e-018
             855   -3.37404e-016    -7.5126e-017    9.44776e-018
             856    -9.5193e-017   -7.51494e-017    9.43675e-018
             857   -2.04318e-016   -7.53001e-017    9.42694e-018
             858    -9.5193e-017   -7.53233e-017    9.41597e-018
             859     2.2649e-016   -7.49719e-017    9.41156e-018
             860     2.2649e-016   -7.46214e-017    9.40715e-018
             861   -2.04318e-016    -7.4772e-017    9.39742e-018
             862    3.33067e-016   -7.42989e-017    9.39843e-018
             863   -3.37404e-016   -7.46038e-017    9.39248e-018
             864    -9.5193e-017   -7.46276e-017    9.38164e-018
             865    -9.5193e-017   -7.46514e-017    9.37081e-018
             866    -9.5193e-017   -7.46751e-017    9.36002e-018
             867     2.2649e-016   -7.43277e-017    9.35567e-018
             868   -3.37404e-016   -7.46308e-017     9.3498e-018
             869    -9.5193e-017   -7.46545e-017    9.33906e-018
             870   -5.81566e-016   -7.52372e-017     9.3465e-018
             871   -5.81566e-016   -7.58185e-017    9.35384e-018
             872    -9.5193e-017   -7.58407e-017    9.34314e-018
             873    3.33067e-016   -7.53723e-017    9.34417e-018
             874     2.2649e-016   -7.50269e-017    9.33987e-018
             875   -3.37404e-016   -7.53268e-017      9.334e-018
             876    -9.5193e-017   -7.53495e-017    9.32337e-018
             877    3.33067e-016   -7.48838e-017    9.32437e-018
             878    -9.5193e-017   -7.49069e-017    9.31377e-018
             879    6.66784e-018   -7.48141e-017    9.30363e-018
             880     2.2649e-016   -7.44717e-017    9.29936e-018
             881    -9.5193e-017   -7.44952e-017    9.28883e-018
             882    3.33067e-016   -7.40331e-017    9.28979e-018
             883   -3.37404e-016   -7.43314e-017    9.28406e-018
             884    -9.5193e-017    -7.4355e-017    9.27358e-018
             885     2.2649e-016   -7.40151e-017    9.26933e-018
             886    -9.5193e-017    -7.4039e-017    9.25889e-018
             887    -9.5193e-017   -7.40628e-017    9.24848e-018
             888    -9.5193e-017   -7.40866e-017    9.23809e-018
             889    3.33067e-016   -7.36286e-017    9.23905e-018
             890     2.2649e-016   -7.32914e-017    9.23482e-018
             891    -9.5193e-017    -7.3316e-017    9.22448e-018
             892   -3.37404e-016    -7.3612e-017    9.21889e-018
             893   -3.37404e-016   -7.39074e-017     9.2133e-018
             894    3.33067e-016   -7.34522e-017    9.21424e-018
             895    -9.5193e-017   -7.34765e-017    9.20397e-018
             896     2.2649e-016   -7.31417e-017    9.19979e-018
             897    6.66784e-018   -7.30527e-017    9.18995e-018
             898   -2.04318e-016   -7.31989e-017    9.18088e-018
             899   -2.04318e-016   -7.33448e-017    9.17182e-018
             900   -3.37404e-016   -7.36382e-017    9.16632e-018
             901    -9.5193e-017   -7.36621e-017    9.15617e-018
             902   -2.04318e-016   -7.38069e-017    9.14716e-018
             903   -5.55112e-017   -7.37867e-017    9.13705e-018
             904    -9.5193e-017   -7.38104e-017    9.12697e-018
             905   -3.37404e-016   -7.41016e-017    9.12153e-018
             906    -9.5193e-017   -7.41249e-017    9.11148e-018
             907   -3.37404e-016   -7.44152e-017    9.10606e-018
             908    -9.5193e-017   -7.44381e-017    9.09606e-018
             909     2.2649e-016    -7.4107e-017    9.09207e-018
             910    3.33067e-016   -7.36596e-017    9.09309e-018
             911    -9.5193e-017   -7.36832e-017    9.08314e-018
             912   -2.04318e-016   -7.38264e-017     9.0743e-018
             913    -9.5193e-017   -7.38498e-017    9.06439e-018
             914   -2.04318e-016   -7.39926e-017    9.05559e-018
             915    -9.5193e-017   -7.40158e-017    9.04572e-018
             916    -9.5193e-017   -7.40389e-017    9.03587e-018
             917   -5.81566e-016   -7.45923e-017    9.04296e-018
             918     2.2649e-016   -7.42644e-017    9.03906e-018
             919   -3.37404e-016   -7.45507e-017    9.03375e-018
             920    -9.5193e-017   -7.45731e-017    9.02396e-018
             921     2.2649e-016   -7.42462e-017    9.02008e-018
             922   -3.37404e-016   -7.45317e-017    9.01481e-018
             923   -3.37404e-016   -7.48165e-017    9.00954e-018
             924   -3.37404e-016   -7.51007e-017    9.00427e-018
             925     2.2649e-016   -7.47746e-017    9.00044e-018
             926   -3.37404e-016   -7.50582e-017    8.99518e-018
             927    -9.5193e-017   -7.50799e-017     8.9855e-018
             928    3.33067e-016   -7.46401e-017    8.98658e-018
             929    -9.5193e-017   -7.46623e-017    8.97693e-018
             930    -9.5193e-017   -7.46843e-017     8.9673e-018
             931    3.33067e-016   -7.42464e-017    8.96836e-018
             932    3.33067e-016   -7.38093e-017    8.96939e-018
             933    -9.5193e-017   -7.38323e-017     8.9598e-018
             934    3.33067e-016   -7.33966e-017     8.9608e-018
             935   -3.37404e-016    -7.3679e-017    8.95566e-018
             936   -3.37404e-016   -7.39607e-017    8.95053e-018
             937    -9.5193e-017   -7.39834e-017      8.941e-018
             938     2.2649e-016    -7.3663e-017     8.9372e-018
             939    3.33067e-016   -7.32299e-017    8.93818e-018
             940   -5.81566e-016   -7.37707e-017    8.94503e-018
             941    -9.5193e-017   -7.37934e-017    8.93555e-018
             942    3.33067e-016   -7.33615e-017     8.9365e-018
             943     2.2649e-016   -7.30436e-017    8.93268e-018
             944    3.33067e-016   -7.26133e-017    8.93358e-018
             945   -3.37404e-016   -7.28936e-017    8.92852e-018
             946    3.33067e-016   -7.24644e-017    8.92939e-018
             947   -3.37404e-016   -7.27442e-017    8.92434e-018
             948    -9.5193e-017   -7.27679e-017    8.91495e-018
             949    3.33067e-016   -7.23402e-017    8.91582e-018
             950   -2.04318e-016   -7.24791e-017    8.90751e-018
             951   -2.04318e-016   -7.26178e-017    8.89922e-018
             952    3.33067e-016   -7.21916e-017    8.90007e-018
             953     2.2649e-016   -7.18782e-017    8.89625e-018
             954   -5.81566e-016   -7.24125e-017    8.90297e-018
             955   -3.37404e-016     -7.269e-017    8.89797e-018
             956    -9.5193e-017   -7.27135e-017    8.88869e-018
             957   -3.37404e-016   -7.29901e-017     8.8837e-018
             958     2.2649e-016   -7.26775e-017    8.87993e-018
             959    -9.5193e-017    -7.2701e-017    8.87069e-018
             960   -3.37404e-016   -7.29767e-017    8.86574e-018
             961     2.2649e-016   -7.26651e-017    8.86199e-018
             962   -2.04318e-016   -7.28019e-017    8.85383e-018
             963   -3.37404e-016   -7.30767e-017     8.8489e-018
             964   -3.37404e-016   -7.33509e-017    8.84396e-018
             965     2.2649e-016   -7.30402e-017    8.84026e-018
             966    -9.5193e-017   -7.30631e-017    8.83113e-018
             967   -5.81566e-016    -7.3589e-017    8.83765e-018
             968   -5.81566e-016   -7.41137e-017     8.8441e-018
             969   -3.37404e-016   -7.43854e-017    8.83914e-018
             970    -9.5193e-017   -7.44069e-017    8.83005e-018
             971   -2.04318e-016   -7.45407e-017    8.82197e-018
             972   -5.81566e-016   -7.50623e-017    8.82831e-018
             973    -9.5193e-017    -7.5083e-017    8.81926e-018
             974    -9.5193e-017   -7.51037e-017    8.81022e-018
             975    3.33067e-016    -7.4685e-017    8.81113e-018
             976    -9.5193e-017    -7.4706e-017    8.80213e-018
             977    3.33067e-016   -7.42887e-017    8.80301e-018
             978   -4.17201e-016   -7.46393e-017    8.80099e-018
             979    3.33067e-016   -7.42228e-017    8.80186e-018
             980   -2.04318e-016   -7.43556e-017    8.79387e-018
             981   -3.37404e-016   -7.46237e-017      8.789e-018
             982   -2.04318e-016   -7.47558e-017    8.78103e-018
             983    3.33067e-016   -7.43409e-017     8.7819e-018
             984   -3.37404e-016   -7.46083e-017    8.77705e-018
             985    3.33067e-016   -7.41944e-017    8.77789e-018
             986    -9.5193e-017   -7.42157e-017    8.76901e-018
             987   -2.04318e-016   -7.43475e-017    8.76111e-018
             988     2.2649e-016    -7.4043e-017    8.75754e-018
             989    3.33067e-016   -7.36314e-017    8.75836e-018
             990   -5.81566e-016   -7.41444e-017    8.76454e-018
             991    -9.5193e-017   -7.41657e-017    8.75571e-018
             992     2.2649e-016   -7.38626e-017    8.75213e-018
             993    3.33067e-016   -7.34528e-017    8.75291e-018
             994     2.2649e-016    -7.3151e-017    8.74931e-018
             995   -2.04318e-016   -7.32829e-017     8.7415e-018
             996    -9.5193e-017   -7.33049e-017    8.73275e-018
             997   -3.37404e-016   -7.35698e-017    8.72801e-018
             998    3.33067e-016   -7.31623e-017    8.72877e-018
             999    -9.5193e-017   -7.31844e-017    8.72006e-018
            1000     2.2649e-016   -7.28847e-017    8.71649e-018
