               1           -0.52           -0.52               0
               2           -0.52           -0.52    3.28035e-009
               3           -0.68       -0.573333       0.0533333
               4            -0.6           -0.58       0.0382971
               5           -0.68            -0.6       0.0357771
               6            -0.6            -0.6       0.0292119
               7           -0.68       -0.611429       0.0272054
               8           -0.68           -0.62       0.0250713
               9            -0.6       -0.617778       0.0222222
              10            -0.6          -0.616       0.0199555
              11            -0.6       -0.614545       0.0181089
              12            -0.6       -0.613333       0.0165755
              13            -0.6       -0.612308       0.0152817
              14           -0.52       -0.605714        0.015609
              15           -0.44       -0.594667       0.0182539
              16           -0.68            -0.6       0.0178885
              17           -0.84       -0.614118       0.0219468
              18           -0.76       -0.622222       0.0222222
              19           -0.68       -0.625263       0.0212389
              20           -0.28          -0.608        0.026533
              21           -0.28       -0.592381       0.0296801
              22           -0.44       -0.585455       0.0291342
              23           -0.28       -0.572174       0.0308442
              24           -0.52           -0.57        0.029611
              25           -0.44         -0.5648        0.028874
              26           -0.44           -0.56       0.0281534
              27           -0.44       -0.555556       0.0274528
              28           -0.52       -0.554286       0.0264846
              29           -0.52       -0.553103       0.0255824
              30           -0.36       -0.546667       0.0255394
              31           -0.44       -0.543226       0.0249403
              32            -0.2         -0.5325       0.0264232
              33           -0.52       -0.532121       0.0256128
              34           -0.36       -0.527059       0.0253585
              35           -0.36       -0.522286       0.0250817
              36           -0.44           -0.52       0.0244819
              37           -0.44       -0.517838        0.023909
              38            -0.6           -0.52       0.0233716
              39           -0.44       -0.517949       0.0228566
              40           -0.52          -0.518        0.022278
              41           -0.44       -0.516098       0.0218109
              42           -0.44       -0.514286       0.0213623
              43           -0.68        -0.51814       0.0212126
              44            -0.6           -0.52       0.0208082
              45           -0.52           -0.52       0.0203405
              46            -0.6       -0.521739       0.0199693
              47           -0.52       -0.521702       0.0195398
              48           -0.52       -0.521667       0.0191285
              49           -0.36       -0.518367       0.0190223
              50           -0.52         -0.5184        0.018638
              51           -0.36       -0.515294       0.0185311
              52           -0.36       -0.512308        0.018415
              53           -0.44       -0.510943       0.0181156
              54           -0.44        -0.50963       0.0178255
              55           -0.52       -0.509818       0.0174994
              56           -0.28       -0.505714       0.0176673
              57           -0.36       -0.503158       0.0175419
              58           -0.44       -0.502069       0.0172711
              59            -0.6       -0.503729       0.0170568
              60           -0.36       -0.501333       0.0169404
              61            -0.2       -0.496393       0.0173773
              62           -0.36       -0.494194       0.0172356
              63           -0.12       -0.488254       0.0179698
              64           -0.44         -0.4875       0.0177029
              65           -0.36       -0.485538       0.0175385
              66           -0.52       -0.486061       0.0172786
              67           -0.36       -0.484179       0.0171224
              68           -0.28       -0.481176       0.0171339
              69           -0.12       -0.475942       0.0176765
              70           -0.36       -0.474286       0.0175007
              71           -0.44       -0.473803       0.0172593
              72           -0.52       -0.474444       0.0170299
              73            -0.6       -0.476164       0.0168829
              74           -0.44       -0.475676       0.0166603
              75            -0.6       -0.477333       0.0165201
              76           -0.52       -0.477895       0.0163109
              77           -0.36       -0.476364       0.0161703
              78           -0.52       -0.476923       0.0159715
              79           -0.44       -0.476456       0.0157749
              80           -0.44          -0.476       0.0155832
              81           -0.44       -0.475556        0.015396
              82            -0.6       -0.477073       0.0152826
              83           -0.52        -0.47759       0.0151062
              84           -0.52       -0.478095       0.0149339
              85           -0.28       -0.475765         0.01494
              86            -0.2       -0.472558       0.0151094
              87           -0.36       -0.471264       0.0149907
              88           -0.28       -0.469091       0.0149779
              89           -0.44       -0.468764       0.0148123
              90            -0.6       -0.470222       0.0147192
              91           -0.36       -0.469011       0.0146068
              92           -0.36       -0.467826       0.0144957
              93           -0.44       -0.467527       0.0143421
              94           -0.28       -0.465532       0.0143283
              95           -0.36       -0.464421       0.0142201
              96           -0.52          -0.465       0.0140831
              97           -0.52       -0.465567       0.0139487
              98           -0.52       -0.466122       0.0138168
              99            -0.6       -0.467475       0.0137432
             100           -0.52          -0.468       0.0136152
             101           -0.44       -0.467723       0.0134826
             102           -0.44       -0.467451       0.0133525
             103           -0.52       -0.467961       0.0132321
             104           -0.52       -0.468462       0.0131138
             105           -0.28       -0.466667       0.0131117
             106           -0.52        -0.46717       0.0129972
             107            -0.6       -0.468411       0.0129348
             108            -0.6        -0.46963       0.0128723
             109           -0.44       -0.469358       0.0127566
             110           -0.44       -0.469091       0.0126429
             111           -0.44       -0.468829       0.0125312
             112           -0.52       -0.469286       0.0124272
             113           -0.44       -0.469027       0.0123195
             114           -0.36        -0.46807       0.0122483
             115           -0.44       -0.467826       0.0121438
             116           -0.28       -0.466207       0.0121471
             117           -0.52       -0.466667       0.0120516
             118           -0.44       -0.466441       0.0119511
             119           -0.36       -0.465546        0.011884
             120           -0.36       -0.464667       0.0118173
             121           -0.52       -0.465124       0.0117282
             122           -0.36       -0.464262       0.0116635
             123           -0.44       -0.464065         0.01157
             124            -0.2       -0.461935       0.0116722
             125           -0.36        -0.46112       0.0116071
             126           -0.52       -0.461587       0.0115241
             127           -0.52       -0.462047       0.0114423
             128           -0.52         -0.4625       0.0113615
             129           -0.44       -0.462326       0.0112745
             130           -0.28       -0.460923        0.011275
             131           -0.44       -0.460763       0.0111897
             132           -0.52       -0.461212       0.0111137
             133           -0.44       -0.461053        0.011031
             134           -0.44       -0.460896       0.0109495
             135           -0.44       -0.460741       0.0108692
             136           -0.44       -0.460588         0.01079
             137           -0.36       -0.459854       0.0107361
             138           -0.44        -0.45971        0.010659
             139            -0.6       -0.460719       0.0106301
             140           -0.52       -0.461143       0.0105623
             141            -0.6       -0.462128       0.0105333
             142           -0.52       -0.462535       0.0104668
             143           -0.52       -0.462937       0.0104011
             144           -0.36       -0.462222       0.0103533
             145           -0.52       -0.462621       0.0102894
             146           -0.36       -0.461918       0.0102428
             147            -0.6       -0.462857       0.0102162
             148           -0.52       -0.463243       0.0101543
             149           -0.36        -0.46255       0.0101097
             150           -0.52       -0.462933       0.0100493
             151           -0.44       -0.462781      0.00998372
             152            -0.6       -0.463684      0.00995882
             153            -0.6       -0.464575      0.00993355
             154           -0.52       -0.464935       0.0098754
             155           -0.52        -0.46529      0.00981791
             156           -0.52       -0.465641      0.00976107
             157           -0.44       -0.465478      0.00970008
             158           -0.28       -0.464304      0.00970971
             159            -0.6       -0.465157      0.00968612
             160           -0.52         -0.4655       0.0096315
             161           -0.28       -0.464348      0.00964058
             162           -0.36       -0.463704      0.00960252
             163           -0.28       -0.462577      0.00960974
             164            -0.2       -0.460976      0.00968423
             165           -0.52       -0.461333      0.00963201
             166            -0.6       -0.462169      0.00961018
             167           -0.52       -0.462515      0.00955874
             168           -0.52       -0.462857      0.00950783
             169           -0.52       -0.463195      0.00945745
             170           -0.36       -0.462588      0.00942123
             171           -0.52       -0.462924      0.00937199
             172           -0.52       -0.463256      0.00932325
             173           -0.44       -0.463121      0.00927017
             174           -0.52       -0.463448      0.00922254
             175           -0.68       -0.464686       0.0092528
             176            -0.6       -0.465455      0.00923215
             177           -0.44       -0.465311      0.00918097
             178           -0.36       -0.464719       0.0091484
             179           -0.52       -0.465028      0.00910238
             180           -0.44       -0.464889      0.00905274
             181            -0.2       -0.463425      0.00912076
             182           -0.52       -0.463736      0.00907584
             183           -0.68       -0.464918      0.00910314
             184           -0.52       -0.465217      0.00905848
             185            -0.2       -0.463784      0.00912273
             186           -0.36       -0.463226      0.00909069
             187           -0.36       -0.462674      0.00905878
             188           -0.28       -0.461702      0.00906271
             189           -0.68       -0.462857      0.00908832
             190            -0.6       -0.463579      0.00906913
             191            -0.6       -0.464293      0.00904975
             192            -0.6          -0.465       0.0090302
             193           -0.44        -0.46487      0.00898422
             194           -0.44       -0.464742      0.00893871
             195           -0.52       -0.465026      0.00889727
             196           -0.68       -0.466122      0.00891945
             197           -0.36       -0.465584      0.00889039
             198           -0.52       -0.465859      0.00884965
             199            -0.6       -0.466533      0.00883083
             200           -0.52         -0.4668      0.00879063
             201           -0.52       -0.467065      0.00875079
             202           -0.52       -0.467327       0.0087113
             203           -0.52       -0.467586      0.00867217
             204           -0.44       -0.467451      0.00863061
             205           -0.36       -0.466927      0.00860439
             206           -0.44       -0.466796      0.00856351
             207           -0.36        -0.46628      0.00853765
             208           -0.36       -0.465769      0.00851185
             209           -0.52       -0.466029        0.008475
             210           -0.28       -0.465143      0.00848094
             211           -0.28       -0.464265      0.00848613
             212           -0.44       -0.464151      0.00844679
             213            -0.6       -0.464789      0.00843119
             214           -0.52       -0.465047      0.00839567
             215           -0.52       -0.465302      0.00836044
             216           -0.44       -0.465185      0.00832246
             217           -0.28       -0.464332      0.00832786
             218           -0.36       -0.463853      0.00830338
             219           -0.44       -0.463744      0.00826609
             220           -0.52          -0.464      0.00823241
             221           -0.52       -0.464253      0.00819899
             222           -0.52       -0.464505      0.00816583
             223           -0.28       -0.463677      0.00817113
             224           -0.28       -0.462857      0.00817579
             225           -0.28       -0.462044      0.00817985
             226            -0.2       -0.460885       0.0082257
             227           -0.28       -0.460088      0.00822806
             228           -0.28       -0.459298      0.00822989
             229           -0.44       -0.459214       0.0081943
             230           -0.36       -0.458783      0.00816999
             231           -0.28       -0.458009      0.00817128
             232           -0.52       -0.458276      0.00814037
             233           -0.52       -0.458541      0.00810969
             234            -0.6       -0.459145      0.00809755
             235            -0.6       -0.459745      0.00808527
             236           -0.44       -0.459661      0.00805137
             237           -0.44       -0.459578      0.00801776
             238           -0.36        -0.45916      0.00799495
             239           -0.52       -0.459414       0.0079655
             240           -0.52       -0.459667      0.00793626
             241           -0.44       -0.459585      0.00790368
             242           -0.36       -0.459174       0.0078817
             243           -0.52       -0.459424      0.00785319
             244           -0.28       -0.458689      0.00785543
             245           -0.36       -0.458286      0.00783367
             246           -0.76       -0.459512      0.00789757
             247           -0.52       -0.459757      0.00786935
             248           -0.52           -0.46      0.00784132
             249           -0.36       -0.459598      0.00782008
             250           -0.36         -0.4592      0.00779892
             251            -0.6       -0.459761      0.00778801
             252           -0.68       -0.460635      0.00780613
             253           -0.52        -0.46087      0.00777875
             254           -0.44       -0.460787       0.0077485
             255           -0.44       -0.460706      0.00771848
             256           -0.36       -0.460312      0.00769833
             257           -0.44       -0.460233      0.00766873
             258           -0.28       -0.459535      0.00767082
             259           -0.36       -0.459151       0.0076508
             260           -0.52       -0.459385      0.00762491
             261           -0.36       -0.459004      0.00760518
             262           -0.52       -0.459237      0.00757968
             263           -0.36       -0.458859      0.00756022
             264           -0.52       -0.459091      0.00753509
             265           -0.28       -0.458415      0.00753696
             266           -0.52       -0.458647      0.00751214
             267           -0.44       -0.458577      0.00748428
             268           -0.52       -0.458806      0.00745982
             269           -0.52       -0.459033      0.00743552
             270           -0.36       -0.458667      0.00741701
             271           -0.52       -0.458893      0.00739305
             272           -0.68       -0.459706      0.00741054
             273           -0.76       -0.460806      0.00746483
             274           -0.28       -0.460146      0.00746676
             275           -0.52       -0.460364      0.00744274
             276           -0.44        -0.46029      0.00741609
             277           -0.36       -0.459928      0.00739813
             278           -0.44       -0.459856      0.00737182
             279           -0.36       -0.459498      0.00735407
             280           -0.36       -0.459143      0.00733637
             281           -0.44       -0.459075      0.00731053
             282           -0.44       -0.459007      0.00728487
             283           -0.36       -0.458657      0.00726751
             284            -0.6       -0.459155      0.00725896
             285           -0.44       -0.459088      0.00723375
             286           -0.36       -0.458741      0.00721674
             287           -0.52       -0.458955      0.00719472
             288           -0.36       -0.458611      0.00717792
             289            -0.2       -0.457716      0.00720879
             290            -0.2       -0.456828      0.00723865
             291           -0.44        -0.45677      0.00721396
             292           -0.52       -0.456986      0.00719248
             293            -0.6       -0.457474      0.00718449
             294            -0.6       -0.457959       0.0071764
             295            -0.2       -0.457085      0.00720529
             296           -0.28       -0.456486      0.00720579
             297           -0.44       -0.456431       0.0071817
             298           -0.36       -0.456107      0.00716487
             299           -0.52       -0.456321      0.00714406
             300           -0.28       -0.455733      0.00714442
             301           -0.36       -0.455415      0.00712775
             302           -0.36       -0.455099      0.00711113
             303            -0.2       -0.454257      0.00713745
             304           -0.36       -0.453947      0.00712069
             305           -0.44       -0.453902      0.00709745
             306            -0.6       -0.454379      0.00709031
             307           -0.36       -0.454072      0.00707386
             308            -0.6       -0.454545      0.00706676
             309           -0.52       -0.454757      0.00704703
             310           -0.28       -0.454194      0.00704685
             311           -0.12       -0.453119      0.00710588
             312           -0.44       -0.453077      0.00708319
             313           -0.36        -0.45278      0.00706678
             314           -0.36       -0.452484      0.00705043
             315           -0.36        -0.45219      0.00703415
             316           -0.44       -0.452152      0.00701196
             317           -0.36       -0.451861      0.00699584
             318           -0.44       -0.451824      0.00697391
             319           -0.52       -0.452038       0.0069553
             320           -0.44          -0.452      0.00693363
             321           -0.28       -0.451464      0.00693273
             322           -0.68       -0.452174      0.00694752
             323           -0.68       -0.452879       0.0069618
             324            -0.6       -0.453333      0.00695512
             325            -0.6       -0.453785      0.00694835
             326           -0.36       -0.453497      0.00693298
             327           -0.36       -0.453211      0.00691766
             328            -0.6       -0.453659      0.00691104
             329           -0.52        -0.45386      0.00689295
             330           -0.52       -0.454061      0.00687495
             331           -0.28       -0.453535      0.00687429
             332           -0.68       -0.454217      0.00688742
             333           -0.44       -0.454174      0.00686684
             334           -0.68        -0.45485      0.00687955
             335            -0.6       -0.455284      0.00687266
             336           -0.68       -0.455952      0.00688473
             337           -0.52       -0.456142       0.0068669
             338           -0.36       -0.455858      0.00685246
             339           -0.36       -0.455575      0.00683807
             340            -0.6          -0.456      0.00683115
             341            -0.6       -0.456422      0.00682416
             342           -0.36        -0.45614      0.00681002
             343           -0.52       -0.456327      0.00679269
             344           -0.28       -0.455814      0.00679228
             345            -0.6       -0.456232      0.00678545
             346            -0.6       -0.456647      0.00677856
             347           -0.52        -0.45683      0.00676146
             348            -0.2       -0.456092      0.00678227
             349           -0.28       -0.455587      0.00678161
             350            -0.2       -0.454857      0.00680152
             351            -0.2       -0.454131      0.00682087
             352           -0.28       -0.453636      0.00681943
             353           -0.52       -0.453824      0.00680269
             354           -0.28       -0.453333      0.00680119
             355           -0.28       -0.452845      0.00679956
             356           -0.36       -0.452584      0.00678545
             357           -0.52       -0.452773      0.00676905
             358           -0.52       -0.452961      0.00675272
             359           -0.52       -0.453148      0.00673648
             360           -0.52       -0.453333       0.0067203
             361           -0.52       -0.453518      0.00670421
             362           -0.36        -0.45326      0.00669065
             363           -0.52       -0.453444      0.00667473
             364           -0.36       -0.453187      0.00666131
             365           -0.52        -0.45337      0.00664556
             366           -0.36       -0.453115      0.00663228
             367           -0.44       -0.453079      0.00661428
             368           -0.36       -0.452826      0.00660113
             369           -0.44       -0.452791      0.00658331
             370            -0.2       -0.452108      0.00660095
             371            -0.6       -0.452507      0.00659519
             372           -0.52       -0.452688      0.00657994
             373           -0.36        -0.45244      0.00656698
             374            -0.6       -0.452834      0.00656127
             375            -0.6       -0.453227      0.00655551
             376           -0.36       -0.452979      0.00654275
             377           -0.36       -0.452732      0.00653003
             378           -0.44       -0.452698      0.00651282
             379           -0.36       -0.452454      0.00650021
             380           -0.52       -0.452632      0.00648552
             381           -0.44       -0.452598      0.00646856
             382           -0.36       -0.452356      0.00645616
             383           -0.68        -0.45295      0.00646665
             384           -0.52       -0.453125      0.00645215
             385           -0.52       -0.453299      0.00643772
             386           -0.44       -0.453264      0.00642111
             387           -0.52       -0.453437      0.00640682
             388           -0.28        -0.45299       0.0064059
             389            -0.2       -0.452339      0.00642242
             390           -0.52       -0.452513      0.00640828
             391           -0.44       -0.452481      0.00639195
             392            -0.6       -0.452857      0.00638672
             393           -0.44       -0.452824      0.00637053
             394            -0.6       -0.453198      0.00636532
             395           -0.44       -0.453165      0.00634927
             396           -0.44       -0.453131       0.0063333
             397           -0.68       -0.453703      0.00634312
             398            -0.6        -0.45407      0.00633783
             399           -0.28       -0.453634      0.00633696
             400           -0.52         -0.4538      0.00632328
             401           -0.44       -0.453766      0.00630758
             402           -0.44       -0.453731      0.00629197
             403            -0.6       -0.454094      0.00628682
             404           -0.68       -0.454653      0.00629612
             405           -0.68        -0.45521      0.00630515
             406            -0.6       -0.455567      0.00629971
             407           -0.52       -0.455725       0.0062862
             408           -0.52       -0.455882      0.00627276
             409            -0.6       -0.456235      0.00626731
             410           -0.52        -0.45639      0.00625394
             411           -0.36       -0.456156      0.00624311
             412           -0.36       -0.455922      0.00623231
             413           -0.36        -0.45569      0.00622154
             414           -0.44       -0.455652      0.00620661
             415           -0.28       -0.455229      0.00620609
             416           -0.52       -0.455385      0.00619311
             417           -0.36       -0.455156      0.00618247
             418           -0.52       -0.455311      0.00616961
             419           -0.52       -0.455465      0.00615681
             420           -0.68          -0.456      0.00616535
             421           -0.52       -0.456152      0.00615257
             422           -0.52       -0.456303      0.00613984
             423           -0.76       -0.457021      0.00616724
             424            -0.6       -0.457358      0.00616191
             425           -0.36       -0.457129      0.00615166
             426           -0.52       -0.457277      0.00613898
             427           -0.28       -0.456862      0.00613864
             428           -0.44       -0.456822      0.00612441
             429           -0.44       -0.456783      0.00611024
             430           -0.28       -0.456372      0.00610986
             431           -0.12       -0.455592      0.00614543
             432           -0.28       -0.455185      0.00614464
             433           -0.28       -0.454781      0.00614377
             434            -0.6       -0.455115      0.00613873
             435           -0.28       -0.454713      0.00613781
             436            -0.2       -0.454128      0.00615152
             437           -0.28        -0.45373      0.00615035
             438           -0.36       -0.453516      0.00614002
             439           -0.52       -0.453667      0.00612789
             440           -0.52       -0.453818      0.00611581
             441           -0.44       -0.453787      0.00610201
             442           -0.44       -0.453756      0.00608826
             443            -0.6       -0.454086      0.00608347
             444           -0.44       -0.454054      0.00606983
             445           -0.52       -0.454202      0.00605799
             446           -0.52        -0.45435      0.00604619
             447           -0.52       -0.454497      0.00603444
             448           -0.28       -0.454107      0.00603354
             449           -0.36       -0.453898      0.00602374
             450           -0.36       -0.453689      0.00601396
             451            -0.2       -0.453126      0.00602691
             452           -0.28       -0.452743      0.00602575
             453            -0.2       -0.452185      0.00603827
             454           -0.36       -0.451982      0.00602837
             455           -0.44       -0.451956      0.00601517
             456           -0.36       -0.451754      0.00600535
             457           -0.44       -0.451729      0.00599225
             458            -0.6       -0.452052      0.00598791
             459           -0.68       -0.452549      0.00599545
             460           -0.52       -0.452696       0.0059842
             461            -0.6       -0.453015      0.00597975
             462           -0.44       -0.452987      0.00596686
             463           -0.52       -0.453132      0.00595571
             464           -0.52       -0.453276      0.00594461
             465           -0.44       -0.453247      0.00593188
             466           -0.52       -0.453391      0.00592087
             467           -0.36       -0.453191      0.00591156
             468            -0.6       -0.453504      0.00590725
             469           -0.76       -0.454158      0.00593076
             470           -0.68       -0.454638       0.0059376
             471            -0.6       -0.454947      0.00593302
             472           -0.52       -0.455085      0.00592204
             473           -0.52       -0.455222       0.0059111
             474           -0.76       -0.455865      0.00593355
             475           -0.52          -0.456      0.00592259
             476           -0.28        -0.45563      0.00592169
             477           -0.44       -0.455597      0.00590935
             478           -0.36       -0.455397      0.00590037
             479           -0.68       -0.455866      0.00590668
             480           -0.68       -0.456333      0.00591282
             481           -0.52       -0.456466        0.005902
             482           -0.44       -0.456432      0.00588984
             483           -0.68       -0.456894      0.00589584
             484           -0.52       -0.457025      0.00588509
             485           -0.36       -0.456825      0.00587635
             486           -0.36       -0.456626      0.00586763
             487           -0.28       -0.456263      0.00586679
             488            -0.2       -0.455738      0.00587825
             489           -0.28       -0.455378      0.00587722
             490           -0.36       -0.455184      0.00586844
             491           -0.44       -0.455153      0.00585656
             492           -0.52       -0.455285      0.00584613
             493           -0.44       -0.455254      0.00583434
             494           -0.28       -0.454899      0.00583332
             495           -0.44       -0.454869       0.0058216
             496           -0.52          -0.455      0.00581133
             497            -0.6       -0.455292      0.00580696
             498           -0.52       -0.455422      0.00579675
             499           -0.36        -0.45523      0.00578828
             500           -0.52        -0.45536      0.00577814
             501           -0.28        -0.45501      0.00577721
             502           -0.52       -0.455139      0.00576714
             503           -0.52       -0.455268      0.00575711
             504           -0.28       -0.454921      0.00575619
             505           -0.44       -0.454891      0.00574486
             506           -0.52        -0.45502      0.00573494
             507            -0.6       -0.455306      0.00573075
             508            -0.6       -0.455591      0.00572655
             509           -0.68       -0.456031      0.00573227
             510           -0.44          -0.456       0.0057211
             511           -0.36       -0.455812      0.00571298
             512           -0.68        -0.45625       0.0057186
             513           -0.44       -0.456218      0.00570753
             514           -0.68       -0.456654      0.00571303
             515           -0.36       -0.456466      0.00570501
             516           -0.36       -0.456279      0.00569702
             517           -0.52       -0.456402      0.00568732
             518            -0.6        -0.45668       0.0056831
             519           -0.36       -0.456493      0.00567519
             520           -0.36       -0.456308      0.00566731
             521           -0.44       -0.456276      0.00565651
             522           -0.44       -0.456245      0.00564575
             523           -0.28       -0.455908      0.00564501
             524           -0.52       -0.456031      0.00563555
             525           -0.52       -0.456152      0.00562613
             526           -0.36        -0.45597       0.0056184
             527           -0.36       -0.455787      0.00561068
             528           -0.36       -0.455606      0.00560298
             529            -0.6       -0.455879      0.00559904
             530            -0.6       -0.456151      0.00559508
             531           -0.52       -0.456271      0.00558582
             532           -0.52       -0.456391       0.0055766
             533           -0.44        -0.45636      0.00556621
             534           -0.36        -0.45618      0.00555871
             535           -0.44        -0.45615      0.00554839
             536           -0.44       -0.456119      0.00553811
             537           -0.44       -0.456089      0.00552787
             538           -0.52       -0.456208      0.00551887
             539           -0.28       -0.455881      0.00551831
             540           -0.36       -0.455704      0.00551094
             541           -0.44       -0.455675      0.00550082
             542           -0.36       -0.455498       0.0054935
             543           -0.52       -0.455617      0.00548466
             544           -0.36       -0.455441      0.00547739
             545            -0.6       -0.455706      0.00547376
             546           -0.52       -0.455824        0.005465
             547           -0.52       -0.455941      0.00545626
             548            -0.2       -0.455474      0.00546628
             549           -0.52       -0.455592      0.00545758
             550           -0.68          -0.456      0.00546291
             551           -0.36       -0.455826      0.00545577
             552           -0.52       -0.455942      0.00544711
             553           -0.52       -0.456058      0.00543849
             554           -0.52       -0.456173      0.00542989
             555            -0.6       -0.456432      0.00542629
             556           -0.52       -0.456547      0.00541773
             557           -0.44       -0.456517      0.00540807
             558            -0.6       -0.456774      0.00540449
             559           -0.44       -0.456744       0.0053949
             560           -0.36       -0.456571      0.00538803
             561            -0.6       -0.456827      0.00538449
             562           -0.36       -0.456655      0.00537766
             563           -0.68       -0.457052      0.00538274
             564            -0.6       -0.457305      0.00537916
             565           -0.52       -0.457416      0.00537078
             566            -0.6       -0.457668       0.0053672
             567           -0.44       -0.457637      0.00535781
             568           -0.36       -0.457465      0.00535113
             569            -0.6       -0.457715      0.00534759
             570           -0.44       -0.457684      0.00533829
             571           -0.44       -0.457653      0.00532902
             572           -0.52       -0.457762      0.00532081
             573            -0.6        -0.45801      0.00531732
             574           -0.44       -0.457979      0.00530814
             575           -0.44       -0.457948      0.00529899
             576           -0.52       -0.458056      0.00529088
             577           -0.36       -0.457886      0.00528444
             578           -0.36       -0.457716        0.005278
             579            -0.6       -0.457962      0.00527461
             580           -0.36       -0.457793      0.00526821
             581           -0.52         -0.4579      0.00526023
             582            -0.6       -0.458144      0.00525686
             583           -0.52        -0.45825       0.0052489
             584           -0.52       -0.458356      0.00524097
             585           -0.44       -0.458325       0.0052321
             586           -0.36       -0.458157      0.00522586
             587           -0.52       -0.458262      0.00521801
             588           -0.44       -0.458231      0.00520922
             589           -0.52       -0.458336      0.00520143
             590           -0.52       -0.458441      0.00519366
             591           -0.52       -0.458545      0.00518591
             592           -0.68       -0.458919      0.00519064
             593           -0.52       -0.459022       0.0051829
             594           -0.36       -0.458855      0.00517685
             595            -0.6       -0.459092      0.00517359
             596           -0.44        -0.45906        0.005165
             597            -0.2       -0.458626      0.00517457
             598           -0.44       -0.458595        0.005166
             599           -0.28       -0.458297      0.00516598
             600           -0.52         -0.4584      0.00515839
             601           -0.36       -0.458236       0.0051524
             602           -0.44       -0.458206      0.00514392
             603           -0.44       -0.458176      0.00513547
             604            -0.6       -0.458411      0.00513234
             605            -0.6       -0.458645      0.00512919
             606           -0.68        -0.45901      0.00513373
             607           -0.36       -0.458847      0.00512786
             608           -0.28       -0.458553      0.00512786
             609           -0.36       -0.458391      0.00512199
             610           -0.36        -0.45823      0.00511613
             611           -0.44         -0.4582      0.00510784
             612           -0.44        -0.45817      0.00509957
             613           -0.52       -0.458271      0.00509225
             614           -0.36       -0.458111      0.00508647
             615           -0.52       -0.458211      0.00507919
             616            -0.6       -0.458442      0.00507616
             617           -0.68       -0.458801      0.00508063
             618           -0.52         -0.4589      0.00507337
             619           -0.44       -0.458869      0.00506526
             620           -0.52       -0.458968      0.00505804
             621           -0.52       -0.459066      0.00505084
             622           -0.52       -0.459164      0.00504367
             623           -0.36       -0.459005      0.00503808
             624            -0.2        -0.45859       0.0050471
             625           -0.44        -0.45856       0.0050391
             626           -0.44        -0.45853      0.00503114
             627            -0.6       -0.458756      0.00502817
             628            -0.6       -0.458981      0.00502519
             629           -0.36       -0.458824      0.00501966
             630           -0.28        -0.45854      0.00501972
             631            -0.6       -0.458764      0.00501677
             632           -0.52       -0.458861      0.00500976
             633           -0.36       -0.458705      0.00500428
             634           -0.28       -0.458423      0.00500433
             635           -0.36       -0.458268      0.00499884
             636           -0.36       -0.458113      0.00499337
             637           -0.12       -0.457582       0.0050137
             638            -0.2       -0.457179      0.00502209
             639           -0.68       -0.457527      0.00502633
             640            -0.6        -0.45775      0.00502341
             641           -0.44       -0.457722      0.00501564
             642           -0.44       -0.457695       0.0050079
             643           -0.52       -0.457792      0.00500104
             644            -0.6       -0.458012      0.00499815
             645           -0.52       -0.458109      0.00499132
             646           -0.44        -0.45808      0.00498367
             647            -0.2       -0.457682      0.00499192
             648           -0.44       -0.457654      0.00498429
             649           -0.28       -0.457381      0.00498413
             650           -0.44       -0.457354      0.00497652
             651           -0.28       -0.457081      0.00497634
             652           -0.28        -0.45681      0.00497612
             653            -0.6       -0.457029      0.00497333
             654            -0.6       -0.457248      0.00497053
             655           -0.68       -0.457588      0.00497457
             656           -0.44       -0.457561      0.00496705
             657           -0.36       -0.457412      0.00496171
             658           -0.44       -0.457386      0.00495423
             659           -0.36       -0.457238      0.00494892
             660            -0.6       -0.457455      0.00494614
             661           -0.44       -0.457428      0.00493873
             662           -0.28        -0.45716      0.00493854
             663           -0.52       -0.457255        0.004932
             664           -0.68        -0.45759      0.00493597
             665            -0.6       -0.457805       0.0049332
             666           -0.52       -0.457898      0.00492667
             667           -0.52       -0.457991      0.00492016
             668           -0.44       -0.457964      0.00491286
             669           -0.52       -0.458057      0.00490639
             670           -0.36        -0.45791      0.00490125
             671           -0.28       -0.457645      0.00490111
             672           -0.44       -0.457619      0.00489388
             673           -0.44       -0.457593      0.00488668
             674            -0.2       -0.457211      0.00489437
             675           -0.36       -0.457067      0.00488923
             676           -0.36       -0.456923      0.00488411
             677           -0.44       -0.456898      0.00487695
             678           -0.44       -0.456873      0.00486981
             679           -0.28       -0.456613      0.00486961
             680           -0.44       -0.456588       0.0048625
             681           -0.52       -0.456681      0.00485625
             682           -0.36        -0.45654       0.0048512
             683           -0.68       -0.456867      0.00485513
             684            -0.6       -0.457076      0.00485254
             685           -0.68       -0.457401      0.00485636
             686           -0.36       -0.457259      0.00485136
             687            -0.6       -0.457467      0.00484874
             688           -0.52       -0.457558      0.00484255
             689           -0.44       -0.457533      0.00483558
             690           -0.36       -0.457391      0.00483063
             691           -0.68       -0.457713      0.00483438
             692            -0.6       -0.457919      0.00483177
             693           -0.52       -0.458009      0.00482562
             694           -0.68       -0.458329      0.00482927
             695           -0.36       -0.458187      0.00482439
             696           -0.44       -0.458161      0.00481753
             697            -0.6       -0.458364      0.00481491
             698           -0.52       -0.458453      0.00480882
             699           -0.44       -0.458426      0.00480201
             700           -0.44         -0.4584      0.00479522
             701           -0.52       -0.458488      0.00478918
             702           -0.44       -0.458462      0.00478242
             703           -0.44       -0.458435      0.00477569
             704           -0.28       -0.458182      0.00477563
             705           -0.36       -0.458043      0.00477088
             706           -0.36       -0.457904      0.00476614
             707            -0.6       -0.458105      0.00476364
             708           -0.44       -0.458079      0.00475698
             709           -0.28       -0.457828       0.0047569
             710           -0.52       -0.457915        0.004751
             711           -0.44        -0.45789      0.00474438
             712           -0.36       -0.457753      0.00473971
             713           -0.44       -0.457728      0.00473312
             714           -0.36       -0.457591      0.00472847
             715           -0.44       -0.457566      0.00472191
             716           -0.44       -0.457542      0.00471538
             717           -0.28       -0.457294       0.0047153
             718           -0.36       -0.457159      0.00471068
             719           -0.52       -0.457246      0.00470494
             720           -0.36       -0.457111      0.00470034
             721           -0.36       -0.456976      0.00469575
             722           -0.44       -0.456953       0.0046893
             723           -0.36       -0.456819      0.00468473
             724           -0.52       -0.456906      0.00467906
             725            -0.6       -0.457103      0.00467677
             726           -0.36        -0.45697      0.00467224
             727           -0.36       -0.456836      0.00466772
             728           -0.44       -0.456813      0.00466136
             729           -0.44        -0.45679      0.00465502
             730           -0.28       -0.456548      0.00465494
             731           -0.28       -0.456306      0.00465484
             732           -0.36       -0.456175      0.00465033
             733           -0.52       -0.456262       0.0046448
             734           -0.44        -0.45624      0.00463852
             735           -0.28          -0.456      0.00463841
             736           -0.44       -0.455978      0.00463215
             737           -0.44       -0.455957      0.00462591
             738           -0.68        -0.45626      0.00462961
             739           -0.68       -0.456563      0.00463324
             740           -0.52       -0.456649      0.00462777
             741            -0.6       -0.456842      0.00462557
             742            -0.6       -0.457035      0.00462336
             743           -0.44       -0.457012      0.00461719
             744           -0.28       -0.456774      0.00461711
             745           -0.52       -0.456859      0.00461169
             746           -0.44       -0.456836      0.00460556
             747           -0.44       -0.456814      0.00459944
             748           -0.44       -0.456791      0.00459335
             749           -0.76       -0.457196      0.00460504
             750           -0.44       -0.457173      0.00459895
             751           -0.52       -0.457257      0.00459358
             752           -0.44       -0.457234      0.00458753
             753           -0.44       -0.457211      0.00458149
             754           -0.36       -0.457082      0.00457723
             755           -0.68       -0.457377      0.00458068
             756           -0.52        -0.45746      0.00457537
             757            -0.2        -0.45712      0.00458196
             758            -0.6       -0.457309       0.0045798
             759           -0.44       -0.457286      0.00457381
             760           -0.28       -0.457053      0.00457374
             761           -0.28        -0.45682      0.00457365
             762           -0.44       -0.456798       0.0045677
             763           -0.52       -0.456881      0.00456246
             764           -0.52       -0.456963      0.00455723
             765           -0.52       -0.457046      0.00455202
             766            -0.6       -0.457232       0.0045499
             767            -0.6       -0.457419      0.00454778
             768            -0.6       -0.457604      0.00454564
             769            -0.6       -0.457789       0.0045435
             770           -0.52        -0.45787      0.00453832
             771            -0.6       -0.458054      0.00453618
             772           -0.44       -0.458031      0.00453036
             773           -0.52       -0.458111       0.0045252
             774           -0.44       -0.458088      0.00451941
             775           -0.44       -0.458065      0.00451364
             776           -0.36       -0.457938      0.00450959
             777            -0.6       -0.458121      0.00450749
             778           -0.44       -0.458098      0.00450175
             779           -0.44       -0.458074      0.00449603
             780           -0.28       -0.457846      0.00449606
             781           -0.52       -0.457926      0.00449101
             782           -0.36       -0.457801      0.00448701
             783           -0.68       -0.458084      0.00449025
             784           -0.68       -0.458367      0.00449344
             785           -0.68        -0.45865      0.00449659
             786           -0.52       -0.458728      0.00449154
             787           -0.44       -0.458704      0.00448589
             788           -0.44        -0.45868      0.00448026
             789            -0.6       -0.458859      0.00447816
             790            -0.6       -0.459038      0.00447606
             791            -0.6       -0.459216      0.00447395
             792           -0.44       -0.459192      0.00446836
             793           -0.36       -0.459067      0.00446447
             794           -0.44       -0.459043      0.00445891
             795           -0.44       -0.459019      0.00445336
             796           -0.52       -0.459095      0.00444842
             797            -0.6       -0.459272      0.00444636
             798           -0.52       -0.459348      0.00444143
             799           -0.52       -0.459424      0.00443652
             800           -0.68         -0.4597      0.00443954
             801           -0.52       -0.459775      0.00443463
             802           -0.36       -0.459651      0.00443085
             803           -0.28       -0.459427      0.00443098
             804           -0.36       -0.459303      0.00442719
             805           -0.44        -0.45928      0.00442175
             806           -0.12       -0.458859      0.00443628
             807            -0.6       -0.459033      0.00443423
             808           -0.52       -0.459109      0.00442938
             809           -0.52       -0.459184      0.00442454
             810            -0.6       -0.459358       0.0044225
             811           -0.52       -0.459433      0.00441767
             812           -0.52       -0.459507      0.00441286
             813           -0.36       -0.459385      0.00440913
             814           -0.44       -0.459361      0.00440377
             815           -0.36       -0.459239      0.00440005
             816           -0.36       -0.459118      0.00439634
             817           -0.36       -0.458996      0.00439263
             818            -0.6       -0.459169      0.00439064
             819           -0.44       -0.459145      0.00438534
             820           -0.44       -0.459122      0.00438005
             821           -0.52       -0.459196      0.00437534
             822           -0.36       -0.459075      0.00437168
             823           -0.44       -0.459052      0.00436643
             824           -0.44       -0.459029      0.00436119
             825            -0.2       -0.458715       0.0043672
             826           -0.36       -0.458596      0.00436355
             827           -0.52        -0.45867       0.0043589
             828           -0.44       -0.458647      0.00435369
             829            -0.6       -0.458818      0.00435178
             830           -0.36       -0.458699      0.00434816
             831           -0.52       -0.458773      0.00434355
             832           -0.12       -0.458365      0.00435739
             833            -0.2       -0.458055       0.0043632
             834           -0.36       -0.457938      0.00435955
             835           -0.36        -0.45782       0.0043559
             836           -0.28       -0.457608      0.00435589
             837           -0.36       -0.457491      0.00435224
             838           -0.52       -0.457566      0.00434769
             839           -0.36       -0.457449      0.00434406
             840           -0.68       -0.457714      0.00434696
             841            -0.6       -0.457883      0.00434509
             842           -0.76       -0.458242      0.00435473
             843           -0.52       -0.458316      0.00435018
             844           -0.44       -0.458294      0.00434508
             845           -0.28       -0.458083      0.00434506
             846           -0.36       -0.457967      0.00434147
             847           -0.52        -0.45804      0.00433696
             848           -0.52       -0.458113      0.00433245
             849           -0.44       -0.458092       0.0043274
             850           -0.44       -0.458071      0.00432236
             851           -0.52       -0.458143      0.00431789
             852           -0.44       -0.458122      0.00431287
             853           -0.44       -0.458101      0.00430787
             854           -0.28       -0.457892      0.00430787
             855           -0.52       -0.457965      0.00430344
             856           -0.44       -0.457944      0.00429846
             857           -0.28       -0.457736      0.00429846
             858           -0.44       -0.457716       0.0042935
             859           -0.36       -0.457602      0.00429001
             860           -0.36       -0.457488      0.00428652
             861           -0.28       -0.457282      0.00428649
             862            -0.6       -0.457448      0.00428472
             863           -0.52        -0.45752      0.00428037
             864           -0.44         -0.4575      0.00427546
             865           -0.44        -0.45748      0.00427056
             866           -0.44        -0.45746      0.00426567
             867           -0.36       -0.457347      0.00426223
             868           -0.52       -0.457419      0.00425793
             869           -0.44       -0.457399      0.00425308
             870           -0.68       -0.457655      0.00425588
             871           -0.68        -0.45791      0.00425865
             872           -0.44        -0.45789      0.00425381
             873            -0.6       -0.458053      0.00425206
             874           -0.36       -0.457941      0.00424867
             875           -0.52       -0.458011       0.0042444
             876           -0.44       -0.457991      0.00423961
             877            -0.6       -0.458153      0.00423786
             878           -0.44       -0.458132      0.00423308
             879           -0.12       -0.457747      0.00424573
             880           -0.36       -0.457636      0.00424235
             881           -0.44       -0.457616      0.00423758
             882            -0.6       -0.457778      0.00423585
             883           -0.52       -0.457848      0.00423164
             884           -0.44       -0.457828       0.0042269
             885           -0.36       -0.457718      0.00422357
             886           -0.44       -0.457698      0.00421885
             887           -0.44       -0.457678      0.00421413
             888           -0.44       -0.457658      0.00420943
             889            -0.6       -0.457818      0.00420774
             890           -0.36       -0.457708      0.00420445
             891           -0.44       -0.457688      0.00419977
             892           -0.52       -0.457758      0.00419564
             893           -0.52       -0.457828      0.00419152
             894            -0.6       -0.457987      0.00418985
             895           -0.44       -0.457966      0.00418522
             896           -0.36       -0.457857      0.00418197
             897           -0.12        -0.45748      0.00419425
             898           -0.28       -0.457283      0.00419424
             899           -0.28       -0.457086      0.00419421
             900           -0.52       -0.457156      0.00419013
             901           -0.44       -0.457137      0.00418552
             902           -0.28        -0.45694      0.00418549
             903            -0.2       -0.456656      0.00419052
             904           -0.44       -0.456637      0.00418592
             905           -0.52       -0.456707      0.00418188
             906           -0.44       -0.456689       0.0041773
             907           -0.52       -0.456759      0.00417328
             908           -0.44        -0.45674      0.00416872
             909           -0.36       -0.456634      0.00416549
             910            -0.6       -0.456791      0.00416389
             911           -0.44       -0.456773      0.00415936
             912           -0.28       -0.456579      0.00415932
             913           -0.44       -0.456561       0.0041548
             914           -0.28       -0.456368      0.00415474
             915           -0.44        -0.45635      0.00415024
             916           -0.44       -0.456332      0.00414574
             917           -0.68       -0.456576       0.0041484
             918           -0.36       -0.456471      0.00414521
             919           -0.52        -0.45654      0.00414128
             920           -0.44       -0.456522      0.00413681
             921           -0.36       -0.456417      0.00413365
             922           -0.52       -0.456486      0.00412974
             923           -0.52       -0.456555      0.00412583
             924           -0.52       -0.456623      0.00412194
             925           -0.36       -0.456519       0.0041188
             926           -0.52       -0.456587      0.00411492
             927           -0.44        -0.45657      0.00411052
             928            -0.6       -0.456724        0.004109
             929           -0.44       -0.456706      0.00410461
             930           -0.44       -0.456688      0.00410023
             931            -0.6       -0.456842      0.00409872
             932            -0.6       -0.456996       0.0040972
             933           -0.44       -0.456977      0.00409285
             934            -0.6       -0.457131      0.00409133
             935           -0.52       -0.457198       0.0040875
             936           -0.52       -0.457265      0.00408369
             937           -0.44       -0.457247      0.00407937
             938           -0.36       -0.457143      0.00407633
             939            -0.6       -0.457295      0.00407483
             940           -0.68       -0.457532      0.00407738
             941           -0.44       -0.457513      0.00407309
             942            -0.6       -0.457665      0.00407158
             943           -0.36       -0.457561      0.00406857
             944            -0.6       -0.457712      0.00406706
             945           -0.52       -0.457778      0.00406329
             946            -0.6       -0.457928      0.00406178
             947           -0.52       -0.457994      0.00405801
             948           -0.44       -0.457975      0.00405378
             949            -0.6       -0.458124      0.00405227
             950           -0.28       -0.457937      0.00405234
             951           -0.28        -0.45775       0.0040524
             952            -0.6       -0.457899      0.00405089
             953           -0.36       -0.457796      0.00404795
             954           -0.68       -0.458029       0.0040504
             955           -0.52       -0.458094      0.00404668
             956           -0.44       -0.458075      0.00404249
             957           -0.52        -0.45814      0.00403878
             958           -0.36       -0.458038      0.00403586
             959           -0.44       -0.458019       0.0040317
             960           -0.52       -0.458083      0.00402801
             961           -0.36       -0.457981      0.00402511
             962           -0.28       -0.457796      0.00402518
             963           -0.52       -0.457861      0.00402152
             964           -0.52       -0.457925      0.00401786
             965           -0.36       -0.457824      0.00401498
             966           -0.44       -0.457805      0.00401086
             967           -0.68       -0.458035      0.00401329
             968           -0.68       -0.458264       0.0040157
             969           -0.52       -0.458328      0.00401206
             970           -0.44       -0.458309      0.00400796
             971           -0.28       -0.458126      0.00400804
             972           -0.68       -0.458354      0.00401042
             973           -0.44       -0.458335      0.00400634
             974           -0.44       -0.458316      0.00400227
             975            -0.6       -0.458462       0.0040008
             976           -0.44       -0.458443      0.00399675
             977            -0.6       -0.458588      0.00399528
             978           -0.76       -0.458896      0.00400307
             979            -0.6        -0.45904      0.00400158
             980           -0.28       -0.458857      0.00400167
             981           -0.52       -0.458919      0.00399807
             982           -0.28       -0.458737      0.00399815
             983            -0.6       -0.458881      0.00399667
             984           -0.52       -0.458943      0.00399309
             985            -0.6       -0.459086       0.0039916
             986           -0.44       -0.459067       0.0039876
             987           -0.28       -0.458886      0.00398768
             988           -0.36       -0.458785       0.0039849
             989            -0.6       -0.458928      0.00398343
             990           -0.68       -0.459152      0.00398567
             991           -0.44       -0.459132      0.00398169
             992           -0.36       -0.459032      0.00397893
             993            -0.6       -0.459174      0.00397745
             994           -0.36       -0.459074       0.0039747
             995           -0.28       -0.458894      0.00397478
             996           -0.44       -0.458876      0.00397084
             997           -0.52       -0.458937      0.00396732
             998            -0.6       -0.459078      0.00396587
             999           -0.44       -0.459059      0.00396194
            1000           -0.36        -0.45896      0.00395922
