               1               9               9               0
               2            4.84            6.92            2.08
               3           10.24         8.02667         1.63305
               4            3.24            6.83         1.66296
               5            6.76           6.816          1.2882
               6            2.56         6.10667         1.26864
               7            0.64         5.32571         1.32646
               8            0.04           4.665          1.3252
               9            0.64         4.21778         1.25137
              10            0.36           3.832         1.18387
              11            0.04         3.48727         1.12497
              12               1            3.28         1.04766
              13            1.96         3.17846        0.969045
              14            3.24         3.18286        0.897172
              15            5.76         3.35467         0.85271
              16            4.84          3.4475        0.803021
              17            7.84         3.70588        0.797333
              18            4.84         3.76889        0.754369
              19            1.44         3.64632        0.724013
              20            2.56           3.592        0.689003
              21               1         3.46857        0.666894
              22            2.56         3.42727        0.637198
              23            0.04            3.28        0.626422
              24            0.36         3.15833         0.61197
              25            0.04          3.0336        0.600087
              26            0.64         2.94154        0.583849
              27            0.04         2.83407        0.571995
              28            1.44         2.78429        0.553432
              29               1         2.72276         0.53754
              30            0.04         2.63333        0.526956
              31            0.36            2.56        0.514923
              32            0.36         2.49125         0.50329
              33            0.16         2.42061        0.492889
              34            0.04         2.35059        0.483272
              35            1.96         2.33943        0.469394
              36            0.04         2.27556        0.460619
              37               0         2.21405        0.452198
              38            0.64         2.17263        0.442083
              39               1         2.14256        0.431646
              40            0.04            2.09        0.423988
              41               1         2.06341        0.414371
              42            1.44         2.04857        0.404657
              43               1         2.02419        0.395886
              44            3.24         2.05182         0.38777
              45            0.36         2.01422        0.380915
              46            1.96         2.01304        0.372544
              47            4.84         2.07319         0.36946
              48            4.84         2.13083        0.366246
              49            3.24         2.15347        0.359407
              50            1.96          2.1496        0.352167
              51            1.96         2.14588        0.345212
              52            1.96         2.14231        0.338527
              53            0.64         2.11396        0.333286
              54               1         2.09333        0.327706
              55            0.36         2.06182        0.323233
              56            0.36         2.03143         0.31886
              57            1.44         2.02105        0.313387
              58            2.56         2.03034        0.308077
              59            2.56         2.03932        0.302943
              60            1.44         2.02933        0.298019
              61            0.36         2.00197        0.294367
              62            0.64            1.98        0.290413
              63            0.04         1.94921         0.28742
              64            0.16         1.92125        0.284272
              65            1.96         1.92185        0.279865
              66            0.16         1.89515        0.276881
              67            2.56         1.90507        0.272898
              68               4         1.93588        0.270614
              69            3.24         1.95478        0.267332
              70            0.64           1.936        0.264154
              71            0.16         1.91099        0.261606
              72            0.04           1.885        0.259252
              73            0.04         1.85973        0.256923
              74               4         1.88865        0.255072
              75               1          1.8768        0.251927
              76            2.56         1.88579        0.248752
              77            0.36         1.86597        0.246299
              78               1         1.85487        0.243374
              79               0         1.83139        0.241418
              80            0.04           1.809        0.239431
              81               0         1.78667        0.237509
              82            0.16         1.76683        0.235432
              83            2.56         1.77639        0.232774
              84            4.84         1.81286         0.23286
              85            0.16         1.79341        0.230924
              86            0.04         1.77302        0.229132
              87            0.64            1.76        0.226857
              88            0.16         1.74182        0.225001
              89            1.96         1.74427        0.222472
              90            0.64           1.732        0.220328
              91            0.36         1.71692        0.218414
              92            0.36         1.70217         0.21653
              93               1         1.69462        0.214322
              94            0.04         1.67702        0.212759
              95               4         1.70147        0.211923
              96               1         1.69417        0.209831
              97            0.16         1.67835        0.208258
              98            0.04         1.66163        0.206799
              99            0.04         1.64525        0.205354
             100            0.04          1.6292        0.203923
             101            0.36         1.61663        0.202284
             102               0         1.60078        0.200917
             103            0.04         1.58563        0.199533
             104            1.44         1.58423         0.19761
             105            0.04         1.56952        0.196271
             106               0         1.55472        0.194974
             107            0.04         1.54056        0.193661
             108            1.96         1.54444        0.191899
             109               1         1.53945        0.190196
             110            0.36         1.52873        0.188764
             111            0.64         1.52072        0.187226
             112               1         1.51607        0.185606
             113            1.96            1.52        0.183998
             114            0.64         1.51228         0.18254
             115            1.44         1.51165        0.180947
             116            0.04         1.49897        0.179828
             117            1.44         1.49846        0.178285
             118            1.44         1.49797        0.176768
             119            2.56         1.50689        0.175504
             120               0         1.49433        0.174488
             121            0.16         1.48331         0.17339
             122            0.64         1.47639        0.172102
             123            1.96         1.48033        0.170743
             124            0.04         1.46871        0.169758
             125               0         1.45696        0.168804
             126            0.64         1.45048        0.167584
             127            0.16         1.44031         0.16657
             128            0.36         1.43187        0.165479
             129            0.36         1.42357        0.164401
             130            0.04         1.41292        0.163478
             131            0.04         1.40244        0.162564
             132            0.16         1.39303        0.161602
             133            0.16         1.38376         0.16065
             134            0.64         1.37821        0.159543
             135            0.16         1.36919        0.158614
             136               0         1.35912        0.157765
             137            0.64         1.35387        0.156697
             138            0.64          1.3487        0.155643
             139            0.16         1.34014        0.154756
             140            0.36         1.33314        0.153806
             141            0.16         1.32482        0.152938
             142            1.44         1.32563        0.151859
             143            0.04         1.31664        0.151061
             144            1.96         1.32111        0.150075
             145            0.36         1.31448        0.149184
             146            1.44         1.31534        0.148161
             147            0.36         1.30884        0.147293
             148            1.44         1.30973        0.146297
             149               0         1.30094        0.145577
             150            0.04         1.29253        0.144848
             151            0.36         1.28636        0.144018
             152            0.04         1.27816        0.143302
             153            0.16         1.27085         0.14255
             154            0.04         1.26286        0.141846
             155            2.56         1.27123        0.141176
             156            1.44         1.27231        0.140273
             157            1.96         1.27669        0.139445
             158            0.16         1.26962         0.13874
             159            0.36          1.2639        0.137983
             160            0.04         1.25625        0.137331
             161            0.16         1.24944        0.136645
             162            0.64         1.24568        0.135851
             163               0         1.23804        0.135232
             164            1.44         1.23927         0.13441
             165            1.96         1.24364        0.133664
             166            4.84          1.2653        0.134612
             167               1         1.26371        0.133813
             168            0.36         1.25833        0.133122
             169            0.36         1.25302        0.132439
             170            2.56         1.26071        0.131882
             171            0.36         1.25544        0.131214
             172            2.56         1.26302        0.130669
             173            4.84          1.2837        0.131547
             174            5.76         1.30943        0.133295
             175            1.44         1.31017        0.132533
             176               1         1.30841         0.13179
             177            0.36         1.30305        0.131153
             178            1.96         1.30674        0.130466
             179               0         1.29944         0.12994
             180            1.44         1.30022        0.129219
             181            0.36         1.29503        0.128608
             182            3.24         1.30571        0.128345
             183               9         1.34776        0.134388
             184            2.56         1.35435        0.133818
             185            0.16         1.34789        0.133249
             186            0.36         1.34258        0.132637
             187            0.04         1.33561         0.13211
             188            1.44         1.33617        0.131406
             189            0.16         1.32995        0.130857
             190            0.04         1.32316        0.130344
             191               4         1.33717        0.130415
             192            4.84         1.35542         0.13101
             193            0.36         1.35026        0.130432
             194            0.36         1.34515        0.129858
             195            3.24         1.35487        0.129555
             196            1.96         1.35796        0.128929
             197            1.44         1.35838        0.128274
             198            2.56         1.36444        0.127769
             199            1.44         1.36482        0.127126
             200            1.96          1.3678        0.126523
             201            2.56         1.37373        0.126032
             202            1.44         1.37406        0.125407
             203            0.16         1.36808        0.124931
             204            0.36         1.36314        0.124415
             205               1         1.36137        0.123819
             206            2.56         1.36718        0.123354
             207            0.04         1.36077        0.122924
             208            0.64         1.35731        0.122381
             209            0.04           1.351        0.121957
             210               0         1.34457        0.121545
             211            0.04         1.33839        0.121126
             212            1.44         1.33887        0.120554
             213            0.64         1.33559        0.120031
             214               0         1.32935        0.119632
             215            1.96         1.33228         0.11911
             216            0.64         1.32907        0.118601
             217            0.16         1.32369        0.118176
             218            1.96         1.32661        0.117669
             219            0.64         1.32347        0.117172
             220            3.24         1.33218        0.116963
             221            0.36         1.32778        0.116516
             222            1.44         1.32829        0.115991
             223               0         1.32233        0.115623
             224               0         1.31643        0.115257
             225            0.04         1.31076        0.114884
             226            1.96         1.31363        0.114411
             227            1.44         1.31419        0.113907
             228            0.04          1.3086        0.113544
             229            0.04         1.30306        0.113183
             230            0.16         1.29809        0.112799
             231               1          1.2968        0.112317
             232            1.44         1.29741        0.111834
             233               1         1.29614         0.11136
             234               1         1.29487         0.11089
             235            0.36         1.29089        0.110489
             236            0.16          1.2861        0.110124
             237               0         1.28068        0.109793
             238            0.16         1.27597        0.109432
             239            0.04         1.27079        0.109095
             240            0.36           1.267        0.108706
             241            0.36         1.26324         0.10832
             242               1         1.26215        0.107877
             243            0.16         1.25761        0.107527
             244            0.64         1.25508        0.107116
             245               4         1.26629        0.107264
             246            7.84         1.29301        0.110119
             247               4         1.30397        0.110218
             248            0.04         1.29887        0.109891
             249            0.16          1.2943        0.109545
             250            0.16         1.28976          0.1092
             251            2.56         1.29482        0.108882
             252            1.44          1.2954         0.10845
             253            0.36          1.2917        0.108084
             254            1.96         1.29433         0.10769
             255            1.96         1.29694        0.107298
             256            4.84         1.31078        0.107771
             257               4         1.32125        0.107859
             258            1.44         1.32171        0.107442
             259            1.96         1.32417        0.107054
             260            0.16         1.31969        0.106736
             261            1.96         1.32215        0.106354
             262            5.76         1.33908        0.107293
             263            2.56         1.34373        0.106985
             264            6.76         1.36424        0.108536
             265            0.64         1.36151         0.10816
             266            0.16         1.35699        0.107847
             267            0.64         1.35431        0.107476
             268            0.16         1.34985        0.107167
             269            0.04         1.34498        0.106879
             270            0.16         1.34059        0.106573
             271            0.04         1.33579        0.106287
             272            0.64         1.33324        0.105926
             273               0         1.32835        0.105651
             274            0.36         1.32482        0.105324
             275            3.24         1.33178        0.105171
             276            6.76         1.35145        0.106619
             277               4         1.36101        0.106663
             278            0.64         1.35842         0.10631
             279            1.96         1.36057         0.10595
             280            2.56         1.36486        0.105658
             281            1.96         1.36698        0.105302
             282            0.36          1.3634        0.104989
             283            0.36         1.35986        0.104678
             284               4         1.36915        0.104722
             285            3.24         1.37572         0.10456
             286            1.44         1.37594        0.104194
             287            0.16         1.37171        0.103917
             288            0.16          1.3675        0.103641
             289               1         1.36623        0.103289
             290            0.64         1.36372        0.102963
             291            0.64         1.36124        0.102639
             292               0         1.35658        0.102393
             293            1.96         1.35863        0.102063
             294            0.16         1.35456        0.101797
             295            0.64         1.35214        0.101481
             296            1.96         1.35419        0.101158
             297            2.56         1.35825        0.100899
             298            1.44         1.35852         0.10056
             299            0.36         1.35518        0.100278
             300               0         1.35067        0.100046
             301            2.56         1.35468       0.0997937
             302            1.44         1.35497       0.0994631
             303               0          1.3505       0.0992351
             304            0.16         1.34658       0.0989856
             305            0.04          1.3423       0.0987535
             306            0.36         1.33908       0.0984826
             307            0.04         1.33485       0.0982524
             308            0.64          1.3326       0.0979589
             309            0.04         1.32841       0.0977309
             310            0.36         1.32529       0.0974652
             311            0.04         1.32116       0.0972392
             312               0         1.31692       0.0970195
             313            3.24         1.32307        0.096904
             314            0.64         1.32089       0.0966194
             315            0.64         1.31873       0.0963364
             316            1.96         1.32076       0.0960525
             317            1.44         1.32114       0.0957498
             318            0.16         1.31748        0.095518
             319            0.16         1.31386       0.0952872
             320               0         1.30975       0.0950777
             321            0.64         1.30766        0.094804
             322            2.56         1.31155       0.0945891
             323            1.44         1.31195       0.0942966
             324               0          1.3079       0.0940923
             325            0.04           1.304       0.0938834
             326            0.36          1.3011       0.0936398
             327            0.64         1.29908       0.0933749
             328            1.44         1.29951       0.0930908
             329            3.24         1.30541       0.0929946
             330            0.16         1.30194       0.0927773
             331            0.16         1.29849       0.0925609
             332            0.16         1.29506       0.0923454
             333            1.96         1.29706       0.0920893
             334               4         1.30515       0.0921692
             335            1.44         1.30555       0.0918945
             336            5.76         1.31881       0.0925748
             337            0.16         1.31537       0.0923637
             338            0.36         1.31254       0.0921334
             339            0.16         1.30914       0.0919241
             340            0.16         1.30576       0.0917156
             341            0.36         1.30299       0.0914883
             342            0.04          1.2993       0.0912951
             343            2.56         1.30297       0.0911028
             344            2.56         1.30663        0.090911
             345            1.44         1.30701       0.0906479
             346            1.96          1.3089       0.0904053
             347            7.84         1.32772       0.0920883
             348            3.24         1.33322       0.0919876
             349            3.24         1.33868       0.0918862
             350            1.44         1.33897       0.0916238
             351               0         1.33516        0.091442
             352            0.16         1.33182       0.0912429
             353            0.36         1.32907       0.0910257
             354               0         1.32531       0.0908458
             355            5.76          1.3378       0.0914468
             356               4         1.34528       0.0914957
             357            4.84         1.35507       0.0917627
             358            0.04          1.3514       0.0915797
             359            0.64         1.34942       0.0913457
             360            0.36         1.34667       0.0911331
             361            1.44         1.34693       0.0908807
             362            1.96         1.34862       0.0906451
             363            0.64         1.34667       0.0904161
             364            1.44         1.34692       0.0901677
             365            0.04         1.34334       0.0899916
             366            0.64         1.34142        0.089766
             367            0.36         1.33875        0.089561
             368            1.96         1.34043       0.0893332
             369               4         1.34764       0.0893819
             370               0           1.344       0.0892144
             371            1.44         1.34426        0.088974
             372            4.84         1.35366       0.0892307
             373            1.44         1.35389       0.0889914
             374            0.16          1.3507       0.0888105
             375            0.04          1.3472       0.0886423
             376            2.56         1.35043       0.0884651
             377            0.16         1.34727       0.0882866
             378               0          1.3437       0.0881248
             379            1.44         1.34396       0.0878924
             380            0.04         1.34053       0.0877279
             381            2.56         1.34373       0.0875559
             382            1.96         1.34534       0.0873413
             383            1.96         1.34695       0.0871277
             384            1.96         1.34854       0.0869152
             385            0.64          1.3467       0.0867087
             386            0.64         1.34487       0.0865031
             387            0.36         1.34233       0.0863168
             388            0.04         1.33897       0.0861595
             389            2.56         1.34211        0.085995
             390            1.96         1.34369       0.0857889
             391            5.76         1.35499       0.0863114
             392               4         1.36173       0.0863549
             393            0.36         1.35919       0.0861726
             394            0.04         1.35584       0.0860188
             395            0.04         1.35251       0.0858654
             396            0.16         1.34949       0.0857013
             397            0.04          1.3462       0.0855487
             398            0.04         1.34291       0.0853966
             399               1         1.34206       0.0851866
             400            2.56          1.3451       0.0850279
             401            2.56         1.34813       0.0848697
             402            1.44         1.34836       0.0846586
             403            0.04         1.34511       0.0845107
             404            0.04         1.34188       0.0843631
             405            1.44         1.34212       0.0841549
             406            1.44         1.34236       0.0839477
             407            3.24         1.34703       0.0838709
             408            0.36         1.34461       0.0837001
             409            1.44         1.34484       0.0834955
             410            5.76         1.35561       0.0839848
             411            5.76         1.36633       0.0844628
             412            3.24         1.37087       0.0843802
             413            0.16         1.36794       0.0842267
             414            0.36         1.36551       0.0840583
             415            0.36         1.36308       0.0838905
             416               4         1.36942       0.0839283
             417               1         1.36854       0.0837315
             418            1.44         1.36871       0.0835311
             419               0         1.36544       0.0833955
             420            0.04         1.36229       0.0832565
             421               0         1.35905       0.0831215
             422            0.04         1.35592       0.0829832
             423            0.04         1.35281       0.0828452
             424               0         1.34962       0.0827112
             425               0         1.34645       0.0825774
             426            0.04         1.34338       0.0824404
             427            0.04         1.34033       0.0823037
             428            0.36         1.33804       0.0821431
             429            0.04         1.33501       0.0820073
             430               0         1.33191       0.0818752
             431            0.36         1.32965       0.0817162
             432               1         1.32889       0.0815304
             433            0.64          1.3273       0.0813574
             434            0.36         1.32507       0.0812003
             435            0.04         1.32211       0.0810673
             436            0.04         1.31917       0.0809346
             437            1.44         1.31945       0.0807496
             438               4         1.32557       0.0807972
             439            5.76         1.33567       0.0812433
             440           12.96         1.36209       0.0852551
             441            2.56         1.36481       0.0851049
             442            0.04         1.36181       0.0849651
             443            0.16          1.3591       0.0848164
             444               1         1.35829       0.0846291
             445               1         1.35748       0.0844425
             446            0.16          1.3548       0.0842957
             447            1.96         1.35615       0.0841178
             448            2.56         1.35884       0.0839729
             449            1.96         1.36018       0.0837963
             450            0.16         1.35751       0.0836524
             451            0.64         1.35592       0.0834819
             452            0.16         1.35327        0.083339
             453            0.64          1.3517       0.0831698
             454            0.04         1.34881       0.0830366
             455            0.64         1.34725       0.0828686
             456            2.56         1.34991       0.0827294
             457            4.84         1.35755       0.0829007
             458            1.44         1.35773       0.0827197
             459               1         1.35695        0.082543
             460            0.04         1.35409       0.0824131
             461            0.16          1.3515       0.0822749
             462            0.04         1.34866       0.0821457
             463            0.04         1.34583       0.0820168
             464            1.44         1.34603       0.0818401
             465            0.16         1.34348       0.0817037
             466            3.24         1.34755       0.0816297
             467               1         1.34681       0.0814581
             468               1         1.34607       0.0812873
             469            1.96         1.34738       0.0811243
             470            0.36         1.34528       0.0809788
             471               1         1.34454         0.08081
             472            2.56         1.34712       0.0806797
             473            0.04         1.34436       0.0805564
             474            0.64         1.34287          0.0804
             475            4.84         1.35023       0.0805676
             476            1.44         1.35042       0.0803984
             477            1.44         1.35061       0.0802299
             478               0         1.34778       0.0801117
             479               1         1.34706       0.0799476
             480            1.44         1.34725       0.0797811
             481            0.04         1.34453       0.0796614
             482            0.36         1.34249       0.0795222
             483            0.36         1.34046       0.0793835
             484            0.36         1.33843       0.0792452
             485            0.04         1.33575       0.0791269
             486            0.64         1.33432       0.0789769
             487            0.64          1.3329       0.0788275
             488            0.36          1.3309       0.0786911
             489            0.04         1.32826       0.0785743
             490            0.36         1.32629       0.0784387
             491            0.64         1.32489       0.0782913
             492            0.04         1.32228       0.0781756
             493            0.36         1.32032       0.0780413
             494            0.16         1.31798       0.0779186
             495            0.64         1.31661       0.0777731
             496            1.44         1.31685       0.0776165
             497            0.04         1.31429       0.0775028
             498            0.36         1.31237       0.0773707
             499               1         1.31174        0.077218
             500            0.16         1.30944       0.0770979
             501            0.04         1.30691       0.0769855
             502            0.36         1.30502       0.0768552
             503               0         1.30243       0.0767461
             504            1.44          1.3027       0.0765942
             505            0.16         1.30044       0.0764758
             506            0.64         1.29913       0.0763357
             507            0.64         1.29783       0.0761961
             508               1         1.29724       0.0760482
             509            0.64         1.29595       0.0759096
             510            0.36         1.29412       0.0757829
             511            1.44          1.2944       0.0756349
             512               1         1.29383       0.0754893
             513               1         1.29326       0.0753441
             514            0.36         1.29144       0.0752193
             515            1.44         1.29173       0.0750737
             516               0         1.28922       0.0749699
             517            0.64         1.28797       0.0748353
             518            0.16         1.28579       0.0747224
             519            1.96         1.28709       0.0745896
             520            0.36         1.28531       0.0744673
             521            0.16         1.28315       0.0743557
             522            0.04         1.28077       0.0742513
             523            0.04         1.27839       0.0741471
             524            0.16         1.27626       0.0740363
             525            0.64         1.27505        0.073905
             526            0.64         1.27384       0.0737743
             527               1         1.27332        0.073636
             528            0.64         1.27212       0.0735062
             529            3.24         1.27584       0.0734614
             530            7.84         1.28823       0.0743613
             531            0.04         1.28588       0.0742583
             532            0.16         1.28376       0.0741488
             533            0.16         1.28165       0.0740396
             534            1.96         1.28292       0.0739117
             535            0.36          1.2812       0.0737936
             536            1.44         1.28149       0.0736564
             537            1.96         1.28276         0.07353
             538            1.44         1.28305       0.0733938
             539            0.64         1.28186       0.0732672
             540            0.16         1.27978       0.0731609
             541            7.84          1.2919       0.0740255
             542            5.76         1.30015       0.0743472
             543            4.84         1.30667       0.0744959
             544               0         1.30426       0.0743977
             545            0.16         1.30217       0.0742907
             546            1.44         1.30242       0.0741549
             547            3.24         1.30596        0.074104
             548               4         1.31088       0.0741318
             549            4.84          1.3173       0.0742753
             550            0.64         1.31607       0.0741504
             551               0         1.31368       0.0740542
             552            0.04         1.31138        0.073956
             553            0.16         1.30929       0.0738515
             554            0.16         1.30722       0.0737472
             555               1         1.30667       0.0736163
             556               1         1.30612       0.0734858
             557            0.16         1.30406       0.0733826
             558            0.36         1.30237       0.0732706
             559            0.64         1.30118        0.073149
             560            0.16         1.29914       0.0730466
             561            0.04          1.2969       0.0729509
             562            0.64         1.29573       0.0728303
             563               1          1.2952       0.0727027
             564               0         1.29291         0.07261
             565            0.04         1.29069       0.0725153
             566            0.16         1.28869       0.0724147
             567            0.36         1.28705       0.0723054
             568               1         1.28655       0.0721797
             569            0.04         1.28436       0.0720861
             570            2.56          1.2866       0.0719943
             571               0         1.28434       0.0719034
             572            1.96         1.28552       0.0717873
             573            4.84         1.29173       0.0719299
             574            2.56         1.29394       0.0718385
             575               0         1.29169       0.0717487
             576            1.44         1.29194       0.0716245
             577               0         1.28971       0.0715353
             578            1.96         1.29087       0.0714209
             579            4.84         1.29699       0.0715604
             580               4         1.30166       0.0715888
             581            4.84         1.30775       0.0717245
             582            1.44         1.30797       0.0716015
             583            0.16           1.306       0.0715057
             584            0.16         1.30404       0.0714101
             585            0.16         1.30209       0.0713148
             586            0.04         1.29993       0.0712255
             587            0.16         1.29799       0.0711306
             588            0.16         1.29605       0.0710359
             589            3.24         1.29935        0.070992
             590            0.36         1.29776       0.0708894
             591            0.16         1.29584       0.0707955
             592            0.64         1.29473       0.0706845
             593            1.96         1.29585       0.0705742
             594            0.04         1.29374        0.070487
             595               0         1.29156        0.070402
             596            0.04         1.28946       0.0703151
             597            0.04         1.28737       0.0702284
             598            0.04         1.28528       0.0701419
             599            0.04         1.28321       0.0700556
             600            0.64         1.28213       0.0699469
             601            0.36          1.2806       0.0698473
             602            0.16         1.27874        0.069756
             603            0.16         1.27688        0.069665
             604               0         1.27477       0.0695816
             605            1.44         1.27504       0.0694671
             606               1         1.27459       0.0693538
             607            0.16         1.27275       0.0692638
             608            0.16         1.27092        0.069174
             609            0.04          1.2689       0.0690899
             610            0.16         1.26708       0.0690005
             611            0.04         1.26507       0.0689168
             612            0.04         1.26307       0.0688332
             613               0         1.26101       0.0687517
             614            0.36         1.25954       0.0686553
             615            1.44         1.25984       0.0685442
             616            1.44         1.26013       0.0684335
             617               4         1.26457       0.0684666
             618            3.24         1.26777       0.0684304
             619            5.76         1.27502       0.0687042
             620            3.24         1.27819       0.0686664
             621            1.96         1.27929       0.0685646
             622            4.84         1.28502       0.0686932
             623            0.04         1.28302        0.068612
             624            0.36         1.28154       0.0685179
             625            0.16         1.27974       0.0684317
             626            2.56         1.28179       0.0683529
             627            3.24         1.28491       0.0683152
             628            1.96         1.28599       0.0682148
             629            0.64         1.28496        0.068114
             630            0.04         1.28298       0.0680345
             631               0         1.28095        0.067957
             632            0.36         1.27949       0.0678651
             633            0.16         1.27773       0.0677809
             634            1.96          1.2788       0.0676824
             635            0.36         1.27735       0.0675912
             636            0.04         1.27541       0.0675129
             637            0.64         1.27441       0.0674142
             638            0.64         1.27342       0.0673158
             639               4         1.27768       0.0673457
             640            0.64         1.27669       0.0672478
             641               0          1.2747       0.0671723
             642               1         1.27427        0.067069
             643            0.64         1.27328       0.0669719
             644            0.36         1.27186       0.0668828
             645               0         1.26989       0.0668081
             646            0.36         1.26848       0.0667195
             647            0.36         1.26708       0.0666311
             648            0.04         1.26519       0.0665552
             649            3.24         1.26823       0.0665222
             650            3.24         1.27126        0.066489
             651            0.16         1.26955       0.0664087
             652            2.56         1.27153       0.0663363
             653               1         1.27112       0.0662359
             654            0.04         1.26924       0.0661614
             655            0.36         1.26785       0.0660749
             656            0.64         1.26689        0.065981
             657            0.64         1.26594       0.0658874
             658            3.24         1.26894       0.0658556
             659            1.96         1.26998       0.0657639
             660            0.64         1.26903       0.0656711
             661               0         1.26711       0.0655998
             662            0.36         1.26574        0.065515
             663            1.44           1.266       0.0654166
             664            3.24         1.26898       0.0653856
             665            3.24         1.27194       0.0653545
             666            5.76         1.27868       0.0656033
             667            2.56          1.2806        0.065533
             668            3.24         1.28353       0.0655006
             669            0.64         1.28257       0.0654097
             670            0.64         1.28161        0.065319
             671            0.04         1.27976       0.0652478
             672            1.44            1.28       0.0651511
             673            0.16         1.27834       0.0650755
             674            1.44         1.27858       0.0649793
             675               1         1.27816       0.0648843
             676               1         1.27775       0.0647896
             677               0         1.27586       0.0647213
             678            0.04         1.27404       0.0646515
             679            0.04         1.27222       0.0645818
             680            0.36         1.27088       0.0645007
             681            0.64         1.26996       0.0644126
             682            1.96         1.27097        0.064326
             683            4.84         1.27619        0.064444
             684            3.24         1.27906       0.0644137
             685            0.16         1.27743       0.0643403
             686            2.56          1.2793       0.0642737
             687            2.56         1.28116       0.0642071
             688            0.04         1.27936       0.0641391
             689            0.36         1.27803       0.0640598
             690            0.36          1.2767       0.0639808
             691            1.96         1.27768       0.0638958
             692            1.96         1.27867        0.063811
             693            0.04         1.27688       0.0637439
             694            1.96         1.27787       0.0636596
             695            0.16         1.27626       0.0635883
             696            0.16         1.27466       0.0635171
             697            1.96         1.27564       0.0634335
             698               0         1.27381       0.0633689
             699            1.96         1.27479       0.0632858
             700            0.04         1.27303         0.06322
             701               0         1.27121       0.0631558
             702               1         1.27083        0.063067
             703            1.96         1.27181       0.0629848
             704            0.16         1.27023       0.0629151
             705            1.44         1.27047       0.0628263
             706            0.04         1.26873       0.0627614
             707            0.04         1.26699       0.0626967
             708            0.16         1.26542       0.0626276
             709            0.16         1.26386       0.0625586
             710               1         1.26349       0.0624716
             711               1         1.26312       0.0623848
             712            2.56         1.26494       0.0623237
             713            0.04         1.26323       0.0622599
             714            0.16         1.26168       0.0621919
             715               1         1.26131       0.0621059
             716            0.16         1.25978       0.0620382
             717            0.16         1.25824       0.0619706
             718            0.16         1.25671       0.0619031
             719            0.04         1.25502       0.0618401
             720            0.36         1.25378       0.0617667
             721            3.24         1.25653       0.0617424
             722               0         1.25479       0.0616814
             723            0.16         1.25328       0.0616146
             724            3.24         1.25602       0.0615906
             725            4.84         1.26097        0.061704
             726               1         1.26061         0.06162
             727            2.56         1.26239       0.0615611
             728               1         1.26203       0.0614775
             729            3.24         1.26475       0.0614531
             730            1.44         1.26499       0.0613693
             731               0         1.26326       0.0613097
             732            0.16         1.26175       0.0612445
             733            0.04         1.26008       0.0611836
             734               0         1.25837       0.0611243
             735            3.24         1.26106       0.0611006
             736            0.04          1.2594         0.06104
             737            0.16         1.25791       0.0609754
             738            0.16         1.25642       0.0609109
             739            0.04         1.25478       0.0608507
             740            0.16          1.2533       0.0607864
             741            0.64         1.25247         0.06071
             742            1.44         1.25272       0.0606286
             743               4         1.25642       0.0606598
             744            1.96         1.25737       0.0605855
             745            0.64         1.25654       0.0605098
             746            0.36         1.25534       0.0604406
             747            2.56         1.25708       0.0603849
             748            1.96         1.25802       0.0603115
             749            5.76         1.26403       0.0605301
             750            5.76         1.27003       0.0607458
             751            5.76         1.27601       0.0609588
             752            4.84         1.28074       0.0610618
             753            2.56         1.28244       0.0610044
             754            0.36         1.28122       0.0609357
             755            0.16         1.27974        0.060873
             756            0.04          1.2781       0.0608146
             757            1.44         1.27831       0.0607346
             758            1.96         1.27921        0.060661
             759            2.56          1.2809       0.0606046
             760            0.04         1.27926       0.0605468
             761            0.16         1.27779       0.0604851
             762            1.44         1.27801        0.060406
             763               0         1.27633         0.06035
             764            0.36         1.27513       0.0602829
             765            1.44         1.27535       0.0602045
             766            1.44         1.27556       0.0601262
             767            5.76         1.28141       0.0603317
             768               4         1.28495        0.060357
             769            1.44         1.28515       0.0602788
             770            3.24         1.28769        0.060254
             771            4.84          1.2923       0.0603519
             772            2.56         1.29394        0.060296
             773            0.16         1.29247       0.0602359
             774            0.04         1.29085       0.0601797
             775            0.04         1.28924       0.0601237
             776               0         1.28758       0.0600692
             777            0.16         1.28613       0.0600093
             778            0.16         1.28468       0.0599496
             779            0.16         1.28323         0.05989
             780            0.04         1.28164       0.0598344
             781            1.44         1.28184       0.0597581
             782            1.44         1.28205        0.059682
             783            3.24         1.28455       0.0596582
             784               4         1.28801       0.0596826
             785            5.76         1.29371       0.0598781
             786            2.56         1.29532       0.0598236
             787            1.96         1.29616       0.0597535
             788            0.04         1.29457       0.0596989
             789            0.64         1.29374        0.059629
             790            0.16          1.2923       0.0595707
             791            0.16         1.29087       0.0595126
             792            0.16         1.28944       0.0594546
             793               0         1.28782       0.0594018
             794            1.44         1.28801       0.0593272
             795            0.04         1.28644       0.0592734
             796            1.96         1.28729       0.0592049
             797            1.44         1.28748       0.0591309
             798            0.36         1.28632       0.0590682
             799            1.96         1.28716       0.0590002
             800            0.16         1.28575       0.0589433
             801            1.96         1.28659       0.0588757
             802               0         1.28499       0.0588241
             803            0.16         1.28359       0.0587675
             804            1.96         1.28443       0.0587004
             805            0.36         1.28328       0.0586386
             806            0.04         1.28174       0.0585862
             807            0.04          1.2802       0.0585337
             808            0.04         1.27866       0.0584814
             809            0.36         1.27753       0.0584201
             810            0.16         1.27615       0.0583642
             811            0.04         1.27462       0.0583122
             812               0         1.27305       0.0582615
             813            0.36         1.27193       0.0582006
             814            1.44         1.27214       0.0581294
             815               1          1.2718        0.058059
             816            0.36         1.27069       0.0579986
             817            0.36         1.26957       0.0579383
             818            0.64          1.2688       0.0578725
             819            0.16         1.26745       0.0578177
             820            0.36         1.26634       0.0577577
             821            0.04         1.26485       0.0577066
             822            0.16          1.2635       0.0576521
             823            0.16         1.26216       0.0575976
             824            0.04         1.26068       0.0575468
             825            0.04          1.2592        0.057496
             826            1.44         1.25942       0.0574268
             827            1.44         1.25964       0.0573577
             828            0.64         1.25889       0.0572933
             829            0.36          1.2578       0.0572344
             830            0.36         1.25672       0.0571756
             831            0.16          1.2554        0.057122
             832            0.36         1.25433       0.0570635
             833            0.36         1.25325       0.0570051
             834            0.16         1.25194       0.0569518
             835            0.64         1.25121       0.0568882
             836            0.36         1.25014       0.0568301
             837               0         1.24865       0.0567818
             838            0.36         1.24759        0.056724
             839            0.16         1.24629       0.0566711
             840               1           1.246       0.0566044
             841               0         1.24452       0.0565565
             842            1.44         1.24475       0.0564897
             843            0.04         1.24332       0.0564408
             844               1         1.24303       0.0563746
             845               0         1.24156       0.0563271
             846            0.36         1.24052       0.0562701
             847            0.64         1.23981       0.0562081
             848            0.16         1.23854       0.0561562
             849            0.64         1.23783       0.0560944
             850            1.96         1.23868       0.0560349
             851               4         1.24193       0.0560629
             852            2.56         1.24347       0.0560185
             853            0.36         1.24244       0.0559623
             854            0.64         1.24173       0.0559012
             855               0         1.24028       0.0558547
             856            0.36         1.23925       0.0557989
             857            1.44         1.23949       0.0557342
             858               1         1.23921       0.0556699
             859            0.04         1.23781       0.0556226
             860            0.04         1.23642       0.0555753
             861            0.64         1.23573       0.0555151
             862               4         1.23893       0.0555433
             863            7.84         1.24658       0.0560037
             864            3.24         1.24889       0.0559864
             865            0.04         1.24749       0.0559391
             866            0.16         1.24624       0.0558886
             867            1.44         1.24646       0.0558245
             868            1.44         1.24668       0.0557606
             869            1.96          1.2475       0.0557025
             870            5.76         1.25269       0.0558796
             871            3.24         1.25497       0.0558621
             872            6.76         1.26128        0.056154
             873            4.84         1.26538       0.0562392
             874            0.36         1.26435       0.0561844
             875            0.16         1.26309       0.0561343
             876            0.36         1.26205       0.0560797
             877               0         1.26062       0.0560342
             878            0.04         1.25923       0.0559876
             879            0.36          1.2582       0.0559332
             880            0.04         1.25682       0.0558868
             881            0.04         1.25544       0.0558404
             882            0.16          1.2542       0.0557909
             883            2.56         1.25567       0.0557473
             884            4.84         1.25973       0.0558316
             885               4         1.26282       0.0558544
             886            3.24         1.26506       0.0558359
             887            4.84         1.26909       0.0559183
             888            2.56         1.27054       0.0558743
             889            0.64         1.26983       0.0558159
             890               1         1.26953       0.0557539
             891               1         1.26923       0.0556922
             892               0          1.2678       0.0556479
             893               4         1.27086       0.0556697
             894            0.64         1.27016       0.0556118
             895               0         1.26874       0.0555678
             896            0.04         1.26737       0.0555227
             897            0.04           1.266       0.0554776
             898            0.36         1.26499        0.055425
             899               0         1.26358       0.0553812
             900               1         1.26329       0.0553204
             901            0.36         1.26229       0.0552681
             902            0.04         1.26093       0.0552234
             903            1.44         1.26113       0.0551625
             904               1         1.26084       0.0551022
             905            1.44         1.26104       0.0550417
             906            0.16         1.25982       0.0549943
             907            0.16         1.25861        0.054947
             908            0.16          1.2574       0.0548998
             909            0.36         1.25641       0.0548483
             910               4         1.25943       0.0548709
             911            6.76         1.26547       0.0551422
             912            3.24         1.26763       0.0551242
             913               4         1.27062       0.0551451
             914            0.64         1.26993        0.055089
             915            0.16         1.26872       0.0550422
             916            0.64         1.26803       0.0549863
             917               0         1.26665       0.0549437
             918            0.04         1.26532       0.0549001
             919            0.04         1.26398       0.0548565
             920            0.16         1.26278         0.05481
             921            0.04         1.26145       0.0547666
             922            3.24          1.2636       0.0547492
             923               1         1.26332       0.0546906
             924            0.04         1.26199       0.0546474
             925            0.16          1.2608       0.0546013
             926            2.56          1.2622       0.0545604
             927            0.16         1.26101       0.0545144
             928            1.96         1.26177       0.0544609
             929            3.24          1.2639       0.0544439
             930           10.24         1.27355       0.0552351
             931           10.24         1.28318         0.05601
             932            4.84           1.287       0.0560799
             933            6.76         1.29286        0.056326
             934            6.76         1.29872       0.0565693
             935            3.24         1.30079       0.0565469
             936            0.36         1.29979       0.0564954
             937               1         1.29947        0.056436
             938            0.16         1.29825       0.0563889
             939               1         1.29793       0.0563297
             940            0.04          1.2966       0.0562857
             941               0         1.29522       0.0562427
             942            1.44         1.29537       0.0561832
             943            0.64         1.29468       0.0561279
             944            1.96         1.29538       0.0560728
             945            4.84         1.29913       0.0561389
             946               4         1.30199       0.0561521
             947            1.44         1.30213        0.056093
             948            0.16         1.30093       0.0560467
             949            4.84         1.30466       0.0561117
             950            1.44          1.3048       0.0560528
             951            0.04         1.30347       0.0560096
             952            0.16         1.30227       0.0559636
             953            0.04         1.30094       0.0559206
             954            0.36         1.29996       0.0558706
             955            0.36         1.29897       0.0558208
             956            6.76         1.30469       0.0560542
             957            0.36          1.3037       0.0560043
             958            0.64         1.30301       0.0559501
             959            0.04         1.30169       0.0559072
             960            1.96         1.30237       0.0558532
             961            0.64         1.30169       0.0557993
             962            0.36         1.30071       0.0557498
             963            2.56         1.30201       0.0557073
             964            4.84         1.30568       0.0557703
             965            0.64         1.30499       0.0557168
             966            0.04         1.30369       0.0556745
             967            3.24         1.30569       0.0556529
             968            0.16          1.3045        0.055608
             969            0.16         1.30332       0.0555631
             970               1         1.30301       0.0555067
             971            0.04         1.30171       0.0554648
             972               1          1.3014       0.0554085
             973            0.04          1.3001       0.0553667
             974            1.44         1.30025       0.0553101
             975            0.64         1.29957       0.0552574
             976            1.96         1.30025       0.0552049
             977            0.16         1.29908       0.0551608
             978               4         1.30184       0.0551735
             979            4.84         1.30545       0.0552355
             980            2.56         1.30673       0.0551939
             981            2.56         1.30801       0.0551524
             982            0.16         1.30684       0.0551086
             983            4.84         1.31044       0.0551698
             984               1         1.31012       0.0551146
             985               4         1.31285       0.0551263
             986               1         1.31254       0.0550712
             987            0.64         1.31185       0.0550196
             988            1.96         1.31251       0.0549678
             989            6.76         1.31802       0.0551878
             990            4.84         1.32158       0.0552467
             991            0.36         1.32061       0.0551994
             992            0.04         1.31931       0.0551589
             993            1.44         1.31944       0.0551034
             994               1         1.31911       0.0550489
             995               1         1.31879       0.0549945
             996            2.56         1.32004       0.0549534
             997            3.24         1.32197        0.054932
             998            5.76         1.32641       0.0550568
             999            0.16         1.32525        0.055014
            1000            0.04         1.32396        0.054974
