               1             0.6             0.6               0
               2            0.44            0.52            0.08
               3            0.64            0.56        0.061101
               4            0.36            0.51       0.0660808
               5            0.52           0.512        0.051225
               6            0.32            0.48       0.0526624
               7            0.16        0.434286       0.0638024
               8           -0.04           0.375       0.0810423
               9            0.16        0.351111       0.0753592
              10           -0.12           0.304       0.0822354
              11           -0.04        0.272727       0.0806912
              12            -0.2        0.233333       0.0835331
              13           -0.28        0.193846       0.0863916
              14           -0.36        0.154286       0.0892319
              15           -0.48           0.112       0.0932135
              16           -0.44          0.0775       0.0937706
              17           -0.56            0.04       0.0957325
              18           -0.44       0.0133333       0.0941144
              19           -0.24   -1.46082e-017       0.0900162
              20           -0.32          -0.016       0.0868829
              21            -0.2      -0.0247619       0.0831053
              22           -0.32      -0.0381818       0.0803661
              23           -0.04      -0.0382609       0.0767925
              24           -0.12      -0.0416667       0.0736021
              25            0.04         -0.0384       0.0706722
              26            0.16      -0.0307692       0.0683271
              27            0.04      -0.0281481          0.0658
              28            0.24      -0.0185714       0.0641256
              29             0.2      -0.0110345       0.0623322
              30            0.04     -0.00933333       0.0602427
              31            0.12     -0.00516129       0.0584161
              32            0.12        -0.00125       0.0566963
              33           -0.08     -0.00363636       0.0550031
              34           -0.04     -0.00470588       0.0533716
              35           -0.28      -0.0125714       0.0524178
              36            0.04      -0.0111111       0.0509618
              37               0      -0.0108108       0.0495663
              38            0.16     -0.00631579       0.0484532
              39            -0.2      -0.0112821        0.047455
              40            0.04           -0.01       0.0462712
              41            -0.2      -0.0146341       0.0453659
              42           -0.24           -0.02       0.0445965
              43            -0.2       -0.024186       0.0437478
              44           -0.36      -0.0318182        0.043418
              45           -0.12      -0.0337778       0.0424874
              46           -0.28      -0.0391304       0.0418968
              47           -0.44      -0.0476596       0.0418736
              48           -0.44      -0.0558333       0.0417989
              49           -0.36      -0.0620408       0.0414049
              50           -0.28         -0.0664       0.0408019
              51           -0.28      -0.0705882       0.0402126
              52           -0.28      -0.0746154       0.0396368
              53           -0.16      -0.0762264       0.0389151
              54            -0.2      -0.0785185       0.0382564
              55           -0.12      -0.0792727       0.0375619
              56            0.12      -0.0757143       0.0370563
              57            0.24      -0.0701754       0.0368194
              58            0.32      -0.0634483       0.0367991
              59            0.32      -0.0569492       0.0367493
              60            0.24          -0.052        0.036469
              61            0.12      -0.0491803       0.0359768
              62           -0.16      -0.0509677       0.0354369
              63           -0.04      -0.0507937       0.0348703
              64            0.08        -0.04875       0.0343819
              65            0.28      -0.0436923       0.0342246
              66            0.08      -0.0418182       0.0337542
              67           -0.32      -0.0459701       0.0335048
              68            -0.4      -0.0511765       0.0334165
              69           -0.36      -0.0556522       0.0332314
              70           -0.16      -0.0571429       0.0327871
              71            0.08      -0.0552113       0.0323797
              72           -0.04          -0.055       0.0319275
              73            0.04      -0.0536986        0.031514
              74             0.4      -0.0475676       0.0316841
              75             0.2      -0.0442667       0.0314326
              76            0.32      -0.0394737       0.0313844
              77            0.12      -0.0374026       0.0310433
              78            -0.2      -0.0394872       0.0307135
              79               0      -0.0389873       0.0303264
              80           -0.04          -0.039       0.0299449
              81               0      -0.0385185       0.0295768
              82            0.08      -0.0370732       0.0292496
              83           -0.32      -0.0404819       0.0290954
              84           -0.44      -0.0452381       0.0291378
              85           -0.08      -0.0456471       0.0287958
              86            0.04      -0.0446512       0.0284765
              87            0.16      -0.0422989       0.0282454
              88           -0.08      -0.0427273       0.0279258
              89            0.28      -0.0391011       0.0278474
              90           -0.16      -0.0404444        0.027569
              91           -0.12      -0.0413187       0.0272783
              92           -0.12      -0.0421739       0.0269938
              93            -0.2       -0.043871       0.0267558
              94            0.04      -0.0429787       0.0264847
              95             0.4      -0.0383158        0.026616
              96             0.2      -0.0358333       0.0264541
              97            0.08      -0.0346392       0.0262071
              98           -0.04      -0.0346939       0.0259384
              99            0.04      -0.0339394       0.0256861
             100            0.04         -0.0332       0.0254387
             101           -0.12      -0.0340594       0.0252003
             102               0      -0.0337255       0.0249542
             103            0.04      -0.0330097       0.0247211
             104           -0.24          -0.035        0.024563
             105           -0.04      -0.0350476        0.024328
             106               0       -0.034717       0.0240997
             107           -0.04      -0.0347664       0.0238734
             108           -0.28       -0.037037       0.0237601
             109            -0.2      -0.0385321       0.0235885
             110           -0.12      -0.0392727       0.0233848
             111            0.16      -0.0374775       0.0232426
             112             0.2      -0.0353571       0.0231316
             113            0.28      -0.0325664       0.0230952
             114            0.16      -0.0308772       0.0229539
             115            0.24      -0.0285217       0.0228751
             116            0.04       -0.027931       0.0226847
             117            0.24       -0.025641       0.0226063
             118            0.24      -0.0233898       0.0225266
             119            0.32      -0.0205042       0.0225222
             120               0      -0.0203333       0.0223343
             121           -0.08      -0.0208264       0.0221545
             122           -0.16      -0.0219672       0.0220017
             123           -0.28       -0.024065       0.0219227
             124            0.04      -0.0235484       0.0217513
             125               0        -0.02336       0.0215775
             126            0.16      -0.0219048       0.0214549
             127           -0.08      -0.0223622       0.0212902
             128            0.12        -0.02125       0.0211525
             129            0.12       -0.020155       0.0210164
             130            0.04      -0.0196923       0.0208593
             131            0.04      -0.0192366       0.0207045
             132            0.08      -0.0184848       0.0205608
             133            0.08      -0.0177444        0.020419
             134           -0.16       -0.018806       0.0202938
             135            0.08      -0.0180741       0.0201562
             136               0      -0.0179412       0.0200079
             137            0.16      -0.0166423       0.0199038
             138            0.16      -0.0153623       0.0198004
             139            0.08      -0.0146763       0.0196694
             140            0.12      -0.0137143       0.0195521
             141           -0.08      -0.0141844       0.0194186
             142           -0.24      -0.0157746       0.0193469
             143            0.04      -0.0153846       0.0192151
             144            0.28      -0.0133333       0.0191911
             145            0.12      -0.0124138       0.0190805
             146            0.24      -0.0106849        0.019028
             147            0.12     -0.00979592        0.018919
             148            0.24     -0.00810811       0.0188664
             149               0     -0.00805369       0.0187395
             150           -0.04     -0.00826667       0.0186153
             151            0.12     -0.00741722       0.0185111
             152            0.04     -0.00710526       0.0183916
             153           -0.08      -0.0075817       0.0182772
             154            0.04     -0.00727273       0.0181608
             155            0.32     -0.00516129       0.0181663
             156            0.24     -0.00358974       0.0181178
             157            0.28     -0.00178344       0.0180924
             158            0.08     -0.00126582        0.017985
             159           -0.12     -0.00201258       0.0178871
             160            0.04        -0.00175       0.0177769
             161            0.08     -0.00124224       0.0176734
             162           -0.16     -0.00222222       0.0175913
             163               0     -0.00220859       0.0174831
             164           -0.24     -0.00365854       0.0174365
             165           -0.28     -0.00533333       0.0174113
             166           -0.44     -0.00795181        0.017503
             167            -0.2      -0.0091018       0.0174359
             168           -0.12      -0.0097619       0.0173444
             169            0.12     -0.00899408       0.0172585
             170            0.32     -0.00705882       0.0172655
             171            0.12     -0.00631579       0.0171803
             172           -0.32     -0.00813953       0.0171772
             173           -0.44      -0.0106358       0.0172591
             174           -0.48      -0.0133333       0.0173704
             175           -0.24      -0.0146286       0.0173193
             176            -0.2      -0.0156818       0.0172528
             177            0.12      -0.0149153       0.0171722
             178            0.28      -0.0132584       0.0171556
             179               0      -0.0131844       0.0170597
             180           -0.24      -0.0144444       0.0170114
             181           -0.12      -0.0150276       0.0169272
             182           -0.36      -0.0169231       0.0169403
             183            -0.6      -0.0201093       0.0171461
             184           -0.32      -0.0217391       0.0171304
             185           -0.08      -0.0220541       0.0170404
             186           -0.12      -0.0225806       0.0169568
             187           -0.04      -0.0226738       0.0168661
             188            0.24      -0.0212766       0.0168342
             189            0.08      -0.0207407       0.0167535
             190           -0.04      -0.0208421       0.0166654
             191             0.4      -0.0186387       0.0167237
             192            0.44        -0.01625        0.016807
             193            0.12       -0.015544       0.0167346
             194           -0.12      -0.0160825       0.0166568
             195           -0.36      -0.0178462       0.0166647
             196           -0.28      -0.0191837       0.0166334
             197           -0.24      -0.0203046       0.0165866
             198           -0.32      -0.0218182       0.0165719
             199           -0.24      -0.0229146       0.0165248
             200           -0.28         -0.0242       0.0164922
             201           -0.32      -0.0256716       0.0164758
             202           -0.24      -0.0267327       0.0164283
             203           -0.08      -0.0269951       0.0163493
             204           -0.12       -0.027451       0.0162753
             205            -0.2      -0.0282927       0.0162176
             206           -0.32      -0.0297087       0.0162007
             207           -0.04      -0.0297585       0.0161223
             208            0.16      -0.0288462       0.0160705
             209            0.04      -0.0285167       0.0159968
             210               0       -0.028381       0.0159211
             211            0.04      -0.0280569       0.0158487
             212           -0.24      -0.0290566       0.0158055
             213           -0.16      -0.0296714       0.0157431
             214               0      -0.0295327         0.01567
             215           -0.28      -0.0306977       0.0156404
             216           -0.16      -0.0312963       0.0155793
             217           -0.08      -0.0315207       0.0155089
             218           -0.28      -0.0326606       0.0154797
             219            0.16      -0.0317808       0.0154339
             220            0.36           -0.03       0.0154665
             221            0.12      -0.0293213       0.0154113
             222            0.24      -0.0281081       0.0153896
             223               0      -0.0279821       0.0153209
             224               0      -0.0278571       0.0152529
             225            0.04      -0.0275556       0.0151879
             226            0.28      -0.0261947       0.0151817
             227            0.24       -0.025022       0.0151601
             228            0.04      -0.0247368       0.0150962
             229           -0.04      -0.0248035       0.0150302
             230            0.08      -0.0243478       0.0149717
             231            -0.2      -0.0251082       0.0149261
             232           -0.24      -0.0260345       0.0148905
             233            -0.2      -0.0267811       0.0148452
             234            -0.2      -0.0275214       0.0148002
             235           -0.12      -0.0279149       0.0147423
             236            0.08      -0.0274576       0.0146868
             237               0      -0.0273418       0.0146252
             238            0.08      -0.0268908       0.0145706
             239            0.04      -0.0266109       0.0145122
             240            0.12          -0.026       0.0144645
             241           -0.12        -0.02639       0.0144096
             242            -0.2      -0.0271074       0.0143679
             243            0.08      -0.0266667       0.0143154
             244            0.16      -0.0259016       0.0142771
             245            -0.4      -0.0274286       0.0143005
             246           -0.56      -0.0295935       0.0144059
             247            -0.4      -0.0310931       0.0144256
             248           -0.04       -0.031129       0.0143673
             249            0.08      -0.0306827       0.0143165
             250            0.08        -0.03024        0.014266
             251            0.32      -0.0288446       0.0142774
             252            0.24      -0.0277778       0.0142606
             253           -0.12      -0.0281423       0.0142088
             254           -0.28      -0.0291339       0.0141874
             255           -0.28      -0.0301176       0.0141659
             256           -0.44      -0.0317188        0.014201
             257            -0.4      -0.0331518        0.014218
             258           -0.24      -0.0339535       0.0141855
             259           -0.28      -0.0349035       0.0141625
             260           -0.08      -0.0350769        0.014109
             261           -0.28      -0.0360153       0.0140861
             262           -0.48      -0.0377099       0.0141342
             263           -0.32      -0.0387833       0.0141212
             264           -0.52      -0.0406061       0.0141852
             265           -0.16      -0.0410566       0.0141388
             266            0.08      -0.0406015       0.0140928
             267            0.16      -0.0398502       0.0140601
             268            0.08       -0.039403       0.0140146
             269            0.04      -0.0391078       0.0139656
             270            0.08      -0.0386667       0.0139207
             271            0.04      -0.0383764       0.0138723
             272           -0.16      -0.0388235       0.0138284
             273               0      -0.0386813       0.0137784
             274           -0.12      -0.0389781       0.0137313
             275           -0.36      -0.0401455       0.0137309
             276           -0.52      -0.0418841       0.0137911
             277            -0.4      -0.0431769       0.0138019
             278           -0.16      -0.0435971       0.0137586
             279           -0.28      -0.0444444       0.0137354
             280           -0.32      -0.0454286       0.0137216
             281           -0.28      -0.0462633       0.0136981
             282           -0.12      -0.0465248        0.013652
             283           -0.12      -0.0467845       0.0136061
             284            -0.4      -0.0480282        0.013615
             285           -0.36      -0.0491228       0.0136113
             286           -0.24      -0.0497902         0.01358
             287            0.08       -0.049338       0.0135402
             288           -0.08      -0.0494444       0.0134935
             289            -0.2      -0.0499654       0.0134568
             290           -0.16      -0.0503448       0.0134157
             291           -0.16      -0.0507216       0.0133748
             292               0      -0.0505479       0.0133301
             293           -0.28      -0.0513311       0.0133075
             294           -0.08      -0.0514286       0.0132626
             295            0.16      -0.0507119       0.0132369
             296            0.28      -0.0495946       0.0132394
             297            0.32      -0.0483502       0.0132533
             298            0.24      -0.0473826       0.0132441
             299            0.12      -0.0468227       0.0132116
             300               0      -0.0466667       0.0131684
             301           -0.32      -0.0475748        0.013156
             302           -0.24      -0.0482119       0.0131278
             303               0      -0.0480528       0.0130854
             304            0.08      -0.0476316       0.0130491
             305           -0.04      -0.0476066       0.0130063
             306           -0.12      -0.0478431       0.0129658
             307           -0.04      -0.0478176       0.0129236
             308           -0.16      -0.0481818       0.0128867
             309            0.04      -0.0478964       0.0128481
             310           -0.12       -0.048129       0.0128087
             311            0.04      -0.0478457       0.0127706
             312               0      -0.0476923       0.0127305
             313            0.36      -0.0463898       0.0127564
             314            0.16      -0.0457325       0.0127327
             315            0.16      -0.0450794        0.012709
             316            0.28      -0.0440506       0.0127104
             317            0.24      -0.0431546       0.0127019
             318           -0.08      -0.0432704       0.0126625
             319            0.08       -0.042884       0.0126286
             320               0        -0.04275       0.0125898
             321            0.16      -0.0421184       0.0125664
             322            0.32      -0.0409938       0.0125777
             323            0.24      -0.0401238       0.0125688
             324               0           -0.04       0.0125306
             325           -0.04           -0.04        0.012492
             326           -0.12      -0.0402454        0.012456
             327            0.16       -0.039633        0.012433
             328            0.24      -0.0387805       0.0124243
             329            0.36      -0.0375684       0.0124456
             330            0.08      -0.0372121        0.012413
             331            0.08       -0.036858       0.0123805
             332            0.08       -0.036506       0.0123481
             333            0.28      -0.0355556       0.0123476
             334             0.4      -0.0342515       0.0123795
             335            0.24      -0.0334328       0.0123696
             336            0.48      -0.0319048        0.012427
             337           -0.08      -0.0320475       0.0123909
             338            0.12      -0.0315976       0.0123624
             339           -0.08      -0.0317404       0.0123267
             340            0.08      -0.0314118       0.0122948
             341            0.12      -0.0309677       0.0122667
             342            0.04      -0.0307602       0.0122326
             343           -0.32      -0.0316035        0.012226
             344           -0.32      -0.0324419       0.0122192
             345           -0.24      -0.0330435       0.0121985
             346           -0.28      -0.0337572       0.0121842
             347           -0.56      -0.0352738       0.0122433
             348           -0.36      -0.0362069       0.0122437
             349           -0.36      -0.0371347       0.0122437
             350           -0.24      -0.0377143       0.0122224
             351               0      -0.0376068        0.012188
             352           -0.08      -0.0377273        0.012154
             353            0.12      -0.0372805       0.0121277
             354               0      -0.0371751       0.0120939
             355            0.48      -0.0357183       0.0121474
             356             0.4      -0.0344944       0.0121749
             357            0.44      -0.0331653       0.0122133
             358           -0.04      -0.0331844       0.0121792
             359           -0.16      -0.0335376       0.0121503
             360           -0.12      -0.0337778       0.0121189
             361           -0.24       -0.034349       0.0120988
             362           -0.28      -0.0350276       0.0120844
             363           -0.16      -0.0353719        0.012056
             364           -0.24      -0.0359341        0.012036
             365           -0.04      -0.0359452       0.0120029
             366            0.16      -0.0354098       0.0119821
             367            0.12      -0.0349864       0.0119569
             368            0.28      -0.0341304        0.011955
             369             0.4      -0.0329539       0.0119805
             370               0      -0.0328649       0.0119484
             371            0.24      -0.0321294       0.0119388
             372            0.44      -0.0308602       0.0119741
             373            0.24       -0.030134        0.011964
             374            0.08      -0.0298396       0.0119356
             375           -0.04      -0.0298667       0.0119038
             376           -0.32      -0.0306383       0.0118971
             377            0.08      -0.0303448       0.0118692
             378               0      -0.0302646        0.011838
             379            0.24      -0.0295515       0.0118282
             380            0.04      -0.0293684       0.0117985
             381           -0.32      -0.0301312       0.0117922
             382           -0.28      -0.0307853       0.0117795
             383            0.28      -0.0299739       0.0117766
             384            0.28      -0.0291667       0.0117736
             385            0.16      -0.0286753       0.0117533
             386           -0.16      -0.0290155       0.0117277
             387            0.12      -0.0286305       0.0117037
             388            0.04      -0.0284536       0.0116749
             389            0.32      -0.0275578       0.0116792
             390            0.28      -0.0267692       0.0116759
             391            0.48      -0.0254731       0.0117179
             392             0.4      -0.0243878       0.0117383
             393            0.12      -0.0240204       0.0117141
             394           -0.04      -0.0240609       0.0116844
             395            0.04      -0.0238987       0.0116559
             396            0.08      -0.0236364       0.0116294
             397           -0.04      -0.0236776       0.0116002
             398            0.04      -0.0235176       0.0115721
             399             0.2      -0.0229574       0.0115566
             400            0.32         -0.0221       0.0115595
             401            0.32      -0.0212469       0.0115622
             402            0.24       -0.020597       0.0115517
             403            0.04      -0.0204467        0.011524
             404            0.04       -0.020297       0.0114964
             405            0.24      -0.0196543        0.011486
             406            0.24      -0.0190148       0.0114755
             407            0.36      -0.0180835       0.0114851
             408            0.12      -0.0177451       0.0114619
             409            0.24      -0.0171149       0.0114512
             410            0.48      -0.0159024       0.0114874
             411            0.48      -0.0146959       0.0115227
             412            0.36      -0.0137864       0.0115307
             413            0.08      -0.0135593       0.0115049
             414           -0.12      -0.0138164         0.01148
             415            0.12       -0.013494       0.0114568
             416             0.4         -0.0125       0.0114724
             417             0.2      -0.0119904       0.0114562
             418            0.24      -0.0113876       0.0114446
             419               0      -0.0113604       0.0114173
             420            0.04      -0.0112381       0.0113908
             421               0      -0.0112114       0.0113637
             422            0.04        -0.01109       0.0113374
             423            0.04      -0.0109693       0.0113112
             424               0      -0.0109434       0.0112845
             425               0      -0.0109176        0.011258
             426            0.04      -0.0107981       0.0112322
             427           -0.04      -0.0108665        0.011206
             428            0.12      -0.0105607        0.011184
             429           -0.04      -0.0106294       0.0111581
             430               0      -0.0106047       0.0111322
             431            0.12      -0.0103016       0.0111104
             432            -0.2      -0.0107407       0.0110934
             433           -0.16      -0.0110855       0.0110731
             434           -0.12      -0.0113364       0.0110504
             435           -0.04      -0.0114023       0.0110252
             436           -0.04      -0.0114679           0.011
             437            0.24      -0.0108924       0.0109899
             438             0.4     -0.00995434       0.0110049
             439            0.48     -0.00883827       0.0110363
             440            0.72     -0.00718182       0.0111351
             441            0.32     -0.00643991       0.0111346
             442            0.04     -0.00633484       0.0111099
             443           -0.08     -0.00650113        0.011086
             444            -0.2     -0.00693694       0.0110696
             445            -0.2     -0.00737079       0.0110532
             446            0.08     -0.00717489       0.0110301
             447            0.28     -0.00653244       0.0110242
             448            0.32     -0.00580357       0.0110237
             449            0.28     -0.00516704       0.0110175
             450            0.08     -0.00497778       0.0109946
             451           -0.16     -0.00532151       0.0109756
             452           -0.08     -0.00548673       0.0109525
             453           -0.16     -0.00582781       0.0109336
             454           -0.04     -0.00590308       0.0109098
             455            0.16     -0.00553846       0.0108919
             456            0.32     -0.00482456       0.0108914
             457            0.44      -0.0038512        0.010911
             458            0.24     -0.00331878       0.0109002
             459             0.2     -0.00287582       0.0108854
             460            0.04     -0.00278261       0.0108622
             461           -0.08     -0.00295011       0.0108399
             462            0.04     -0.00285714       0.0108168
             463            0.04     -0.00276458       0.0107938
             464           -0.24     -0.00327586       0.0107826
             465            0.08     -0.00309677       0.0107609
             466            0.36      -0.0023176        0.010766
             467             0.2     -0.00188437       0.0107517
             468             0.2     -0.00145299       0.0107373
             469            0.28    -0.000852878       0.0107312
             470            0.12    -0.000595745       0.0107114
             471             0.2    -0.000169851       0.0106972
             472            0.32     0.000508475        0.010696
             473            0.04     0.000591966       0.0106737
             474            0.16      0.00092827       0.0106565
             475            0.44      0.00185263       0.0106741
             476            0.24      0.00235294       0.0106634
             477            0.24      0.00285115       0.0106527
             478               0      0.00284519       0.0106304
             479             0.2      0.00325678       0.0106161
             480            0.24         0.00375       0.0106055
             481           -0.04      0.00365904       0.0105838
             482            0.12      0.00390041       0.0105646
             483            0.12      0.00414079       0.0105454
             484            0.12      0.00438017       0.0105263
             485            0.04      0.00445361       0.0105048
             486           -0.16      0.00411523       0.0104887
             487           -0.16      0.00377823       0.0104725
             488           -0.12      0.00352459       0.0104541
             489            0.04      0.00359918        0.010433
             490           -0.12      0.00334694       0.0104147
             491           -0.16      0.00301426       0.0103988
             492           -0.04      0.00292683        0.010378
             493            0.12       0.0031643       0.0103597
             494            0.08      0.00331984       0.0103399
             495            0.16      0.00363636       0.0103238
             496            0.24       0.0041129        0.010314
             497            0.04      0.00418511       0.0102935
             498           -0.12      0.00393574       0.0102758
             499            -0.2      0.00352705       0.0102633
             500           -0.08         0.00336       0.0102441
             501            0.04      0.00343313       0.0102239
             502            0.12      0.00366534       0.0102062
             503               0      0.00365805       0.0101859
             504           -0.24       0.0031746       0.0101771
             505           -0.08       0.0030099       0.0101583
             506           -0.16      0.00268775       0.0101433
             507           -0.16      0.00236686       0.0101284
             508             0.2      0.00275591       0.0101159
             509            0.16      0.00306483       0.0101007
             510            0.12      0.00329412       0.0100835
             511           -0.24        0.002818        0.010075
             512            -0.2      0.00242188       0.0100631
             513            -0.2      0.00202729       0.0100512
             514           -0.12      0.00178988       0.0100345
             515           -0.24      0.00132039        0.010026
             516               0      0.00131783       0.0100065
             517            0.16      0.00162476      0.00999187
             518            0.08      0.00177606      0.00997371
             519            0.28      0.00231214       0.0099689
             520            0.12      0.00253846      0.00995228
             521            0.08      0.00268714      0.00993427
             522            0.04      0.00275862      0.00991548
             523           -0.04      0.00267686      0.00989684
             524            0.08      0.00282443      0.00987904
             525            0.16      0.00312381      0.00986475
             526            0.16      0.00342205      0.00985049
             527            -0.2      0.00303605      0.00983936
             528           -0.16      0.00272727      0.00982556
             529           -0.36      0.00204159      0.00983091
             530           -0.56     0.000981132      0.00986948
             531           -0.04     0.000903955      0.00985118
             532           -0.08      0.00075188      0.00983382
             533           -0.08     0.000600375      0.00981652
             534            0.28       0.0011236      0.00981208
             535            0.12      0.00134579      0.00979624
             536            0.24      0.00179104      0.00978808
             537            0.28      0.00230912      0.00978356
             538            0.24      0.00275093      0.00977535
             539           -0.16      0.00244898      0.00976187
             540           -0.08       0.0022963      0.00974497
             541           -0.56      0.00125693      0.00978231
             542           -0.48     0.000369004      0.00980454
             543           -0.44    -0.000441989      0.00982001
             544               0    -0.000441176      0.00980194
             545            0.08    -0.000293578      0.00978505
             546            0.24      0.00014652      0.00977703
             547            0.36     0.000804388      0.00978128
             548             0.4      0.00153285      0.00979056
             549            0.44      0.00233151      0.00980529
             550            0.16      0.00261818      0.00979164
             551               0      0.00261343      0.00977386
             552            0.04      0.00268116      0.00975637
             553            0.08      0.00282098      0.00973971
             554            0.08      0.00296029      0.00972311
             555             0.2      0.00331532      0.00971207
             556             0.2      0.00366906      0.00970104
             557            0.08       0.0038061      0.00968458
             558           -0.12      0.00358423      0.00966975
             559           -0.16      0.00329159      0.00965687
             560            0.08      0.00342857      0.00964059
             561           -0.04      0.00335116       0.0096237
             562           -0.16       0.0030605      0.00961095
             563            -0.2      0.00269982      0.00960065
             564               0      0.00269504      0.00958361
             565            0.04      0.00276106      0.00956686
             566           -0.08      0.00261484      0.00955106
             567           -0.12      0.00239859      0.00953665
             568             0.2      0.00274648       0.0095262
             569            0.04      0.00281195      0.00950967
             570           -0.32      0.00224561      0.00950985
             571               0      0.00224168      0.00949318
             572           -0.28      0.00174825      0.00948941
             573           -0.44     0.000977312      0.00950415
             574           -0.32     0.000418118      0.00950405
             575               0     0.000417391       0.0094875
             576            0.24     0.000833333      0.00948015
             577               0     0.000831889       0.0094637
             578           -0.28     0.000346021       0.0094598
             579           -0.44    -0.000414508      0.00947402
             580            -0.4     -0.00110345      0.00948273
             581           -0.44     -0.00185886      0.00949649
             582           -0.24     -0.00226804      0.00948899
             583            0.08     -0.00212693      0.00947375
             584           -0.08     -0.00226027      0.00945845
             585           -0.08     -0.00239316      0.00944321
             586           -0.04     -0.00245734       0.0094273
             587           -0.08     -0.00258944      0.00941215
             588           -0.08     -0.00272109      0.00939705
             589            0.36     -0.00210526      0.00940127
             590            0.12     -0.00189831      0.00938761
             591            0.08     -0.00175973      0.00937273
             592            0.16     -0.00148649      0.00936088
             593            0.28      -0.0010118      0.00935713
             594           -0.04     -0.00107744      0.00934159
             595               0     -0.00107563      0.00932588
             596           -0.04     -0.00114094      0.00931045
             597           -0.04     -0.00120603      0.00929507
             598           -0.04      -0.0012709      0.00927974
             599            0.04       -0.001202      0.00926449
             600            0.16    -0.000933333      0.00925293
             601            0.12    -0.000732113      0.00923972
             602           -0.08    -0.000863787       0.0092253
             603            0.08    -0.000729685      0.00921096
             604               0    -0.000728477       0.0091957
             605            0.24    -0.000330579       0.0091891
             606             0.2    2.93128e-018      0.00917988
             607            0.08     0.000131796      0.00916569
             608           -0.08    2.92164e-018      0.00915156
             609            0.04    6.56814e-005      0.00913675
             610           -0.08   -6.55738e-005      0.00912271
             611           -0.04    -0.000130933        0.009108
             612            0.04   -6.53595e-005      0.00909334
             613               0   -6.52529e-005      0.00907849
             614           -0.12    -0.000260586       0.0090658
             615           -0.24    -0.000650407      0.00905944
             616           -0.24     -0.00103896      0.00905306
             617            -0.4     -0.00168558      0.00906148
             618           -0.36     -0.00226537      0.00906536
             619           -0.48     -0.00303716      0.00908355
             620           -0.36      -0.0036129      0.00908715
             621           -0.28     -0.00405797      0.00908341
             622           -0.44     -0.00475884      0.00909584
             623           -0.04     -0.00481541       0.0090814
             624           -0.12          -0.005      0.00906872
             625           -0.08        -0.00512      0.00905499
             626           -0.32       -0.005623       0.0090545
             627           -0.36      -0.0061882       0.0090577
             628           -0.28      -0.0066242      0.00905377
             629           -0.16     -0.00686804      0.00904265
             630           -0.04     -0.00692063      0.00902844
             631               0     -0.00690967      0.00901412
             632            0.12     -0.00670886      0.00900209
             633            0.08     -0.00657188       0.0089889
             634           -0.28     -0.00700315      0.00898507
             635           -0.12      -0.0071811      0.00897267
             636            0.04     -0.00710692      0.00895886
             637           -0.16     -0.00734694        0.008948
             638           -0.16     -0.00758621      0.00893717
             639            -0.4     -0.00820031      0.00894428
             640           -0.16      -0.0084375      0.00893344
             641               0     -0.00842434      0.00891951
             642            -0.2     -0.00872274       0.0089106
             643           -0.16     -0.00895801      0.00889984
             644           -0.12     -0.00913043      0.00888768
             645               0     -0.00911628      0.00887391
             646           -0.12     -0.00928793      0.00886182
             647            0.12      -0.0090881      0.00885037
             648            0.04     -0.00901235      0.00883703
             649           -0.36     -0.00955316      0.00883996
             650           -0.36      -0.0100923       0.0088428
             651           -0.08      -0.0101997      0.00882986
             652           -0.32      -0.0106748       0.0088291
             653            -0.2      -0.0109648      0.00882033
             654           -0.04      -0.0110092      0.00880695
             655            0.12      -0.0108092      0.00879577
             656           -0.16      -0.0110366      0.00878529
             657           -0.16      -0.0112633      0.00877484
             658           -0.36      -0.0117933      0.00877751
             659           -0.28      -0.0122003      0.00877363
             660           -0.16      -0.0124242      0.00876318
             661               0      -0.0124054      0.00874994
             662            0.12      -0.0122054        0.008739
             663            0.24       -0.011825       0.0087341
             664            0.36      -0.0112651      0.00873889
             665            0.36      -0.0107068      0.00874358
             666            0.48     -0.00996997      0.00876148
             667            0.32     -0.00947526      0.00876231
             668            0.36     -0.00892216      0.00876665
             669            0.16     -0.00866966      0.00875718
             670            0.16     -0.00841791      0.00874772
             671            0.04     -0.00834575      0.00873497
             672           -0.24     -0.00869048      0.00872877
             673           -0.08     -0.00879643      0.00871644
             674            0.24      -0.0084273      0.00871132
             675             0.2     -0.00811852      0.00870388
             676             0.2     -0.00781065      0.00869645
             677               0     -0.00779911       0.0086836
             678           -0.04     -0.00784661      0.00867091
             679            0.04     -0.00777614      0.00865842
             680            0.12     -0.00758824      0.00864772
             681            0.16     -0.00734214      0.00863852
             682            0.28     -0.00692082      0.00863613
             683            0.44     -0.00626647      0.00864826
             684            0.36     -0.00573099       0.0086522
             685            0.08     -0.00560584      0.00864046
             686            0.32      -0.0051312       0.0086409
             687            0.32     -0.00465793      0.00864129
             688           -0.04      -0.0047093      0.00862887
             689           -0.12     -0.00487663      0.00861796
             690           -0.12     -0.00504348      0.00860708
             691            0.28     -0.00463097      0.00860451
             692            0.28     -0.00421965      0.00860191
             693           -0.04     -0.00427128      0.00858964
             694           -0.28     -0.00466859      0.00858645
             695           -0.08     -0.00477698      0.00857477
             696            0.08     -0.00465517      0.00856331
             697           -0.28     -0.00505022      0.00856013
             698               0     -0.00504298      0.00854787
             699            0.28     -0.00463519      0.00854536
             700           -0.04     -0.00468571       0.0085333
             701               0     -0.00467903      0.00852112
             702             0.2     -0.00438746      0.00851396
             703            0.28     -0.00398293      0.00851146
             704            0.08     -0.00386364       0.0085002
             705            0.24     -0.00351773      0.00849518
             706           -0.04     -0.00356941       0.0084833
             707           -0.04     -0.00362093      0.00847145
             708            0.08     -0.00350282       0.0084603
             709            0.08     -0.00338505      0.00844918
             710            -0.2     -0.00366197      0.00844181
             711            -0.2     -0.00393812      0.00843445
             712           -0.32     -0.00438202      0.00843429
             713           -0.04     -0.00443198       0.0084226
             714            0.08     -0.00431373      0.00841162
             715            -0.2     -0.00458741      0.00840431
             716            0.08     -0.00446927      0.00839339
             717           -0.08     -0.00457462      0.00838234
             718           -0.08     -0.00467967      0.00837132
             719           -0.04     -0.00472879      0.00835981
             720            0.12     -0.00455556      0.00834999
             721           -0.36     -0.00504854      0.00835296
             722               0     -0.00504155      0.00834139
             723            0.08     -0.00492393      0.00833067
             724            0.36     -0.00441989      0.00833441
             725            0.44      -0.0038069      0.00834545
             726             0.2     -0.00352617      0.00833868
             727            0.32     -0.00308116      0.00833908
             728             0.2      -0.0028022      0.00833229
             729            0.36     -0.00230453      0.00833572
             730            0.24      -0.0019726      0.00833091
             731               0      -0.0019699      0.00831951
             732           -0.08      -0.0020765      0.00830882
             733           -0.04     -0.00212824      0.00829763
             734               0     -0.00212534      0.00828632
             735            0.36     -0.00163265       0.0082897
             736            0.04     -0.00157609      0.00827862
             737            0.08      -0.0014654      0.00826812
             738            0.08     -0.00135501      0.00825765
             739           -0.04     -0.00140731      0.00824663
             740            0.08      -0.0012973      0.00823621
             741            0.16     -0.00107962      0.00822797
             742            0.24    -0.000754717      0.00822329
             743             0.4    -0.000215343      0.00822991
             744            0.28      0.00016129      0.00822747
             745            0.16     0.000375839      0.00821922
             746            0.12     0.000536193      0.00820976
             747            0.32     0.000963855      0.00820991
             748            0.28       0.0013369      0.00820741
             749            0.48      0.00197597      0.00822132
             750            0.48      0.00261333      0.00823505
             751            0.48        0.003249      0.00824861
             752            0.44      0.00382979      0.00825808
             753            0.32      0.00424967      0.00825779
             754            0.12      0.00440318      0.00824826
             755            0.08      0.00450331      0.00823793
             756           -0.04      0.00444444      0.00822724
             757           -0.24      0.00412153      0.00822271
             758           -0.28       0.0037467       0.0082204
             759           -0.32      0.00332016      0.00822064
             760           -0.04      0.00326316      0.00821001
             761           -0.08      0.00315375      0.00819995
             762           -0.24      0.00283465      0.00819539
             763               0      0.00283093      0.00818465
             764           -0.12      0.00267016      0.00817551
             765           -0.24      0.00235294      0.00817097
             766           -0.24      0.00203655      0.00816643
             767           -0.48      0.00140808      0.00817996
             768            -0.4     0.000885417        0.008186
             769           -0.24     0.000572172      0.00818135
             770           -0.36     0.000103896      0.00818412
             771           -0.44    -0.000466926      0.00819341
             772           -0.32    -0.000880829      0.00819325
             773            0.08    -0.000776197      0.00818331
             774           -0.04    -0.000826873      0.00817289
             775            0.04    -0.000774194      0.00816251
             776               0    -0.000773196      0.00815198
             777            0.08    -0.000669241      0.00814215
             778           -0.08    -0.000771208      0.00813232
             779            0.08    -0.000667522      0.00812253
             780            0.04    -0.000615385      0.00811228
             781           -0.24    -0.000921895      0.00810768
             782           -0.24     -0.00122762      0.00810308
             783           -0.36     -0.00168582      0.00810568
             784            -0.4     -0.00219388      0.00811126
             785           -0.48     -0.00280255      0.00812376
             786           -0.32     -0.00320611      0.00812345
             787           -0.28     -0.00355781      0.00812074
             788            0.04     -0.00350254      0.00811061
             789           -0.16     -0.00370089      0.00810276
             790           -0.08     -0.00379747      0.00809307
             791           -0.08     -0.00389381       0.0080834
             792            0.08     -0.00378788      0.00807389
             793               0      -0.0037831       0.0080637
             794            0.24     -0.00347607      0.00805939
             795            0.04     -0.00342138      0.00804943
             796            0.28     -0.00306533      0.00804719
             797            0.24     -0.00276035      0.00804287
             798            0.12     -0.00260652      0.00803426
             799            0.28     -0.00225282      0.00803199
             800            0.08        -0.00215       0.0080226
             801            0.28     -0.00179775      0.00802032
             802               0     -0.00179551      0.00801031
             803           -0.08      -0.0018929      0.00800093
             804            0.28     -0.00154229      0.00799866
             805            0.12      -0.0013913      0.00799014
             806            0.04     -0.00133995      0.00798039
             807           -0.04     -0.00138786      0.00797064
             808           -0.04     -0.00143564      0.00796091
             809           -0.12      -0.0015822      0.00795241
             810           -0.08     -0.00167901      0.00794318
             811           -0.04     -0.00172626      0.00793352
             812               0     -0.00172414      0.00792374
             813            0.12     -0.00157442      0.00791541
             814            0.24     -0.00127764      0.00791124
             815             0.2     -0.00103067      0.00790539
             816            0.12    -0.000882353      0.00789709
             817           -0.12     -0.00102815      0.00788876
             818            0.16    -0.000831296      0.00788157
             819           -0.08    -0.000927961      0.00787254
             820            0.12    -0.000780488      0.00786431
             821            0.04    -0.000730816      0.00785489
             822           -0.08    -0.000827251      0.00784592
             823            0.08     -0.00072904      0.00783699
             824            0.04    -0.000679612      0.00782763
             825           -0.04    -0.000727273      0.00781828
             826           -0.24     -0.00101695      0.00781418
             827           -0.24     -0.00130593      0.00781008
             828           -0.16     -0.00149758      0.00780299
             829            0.12     -0.00135103      0.00779495
             830           -0.12     -0.00149398      0.00778687
             831           -0.08     -0.00158845      0.00777807
             832           -0.12     -0.00173077      0.00777002
             833            0.12     -0.00158463      0.00776206
             834            0.08     -0.00148681      0.00775336
             835            0.16     -0.00129341      0.00774649
             836            0.12     -0.00114833      0.00773857
             837               0     -0.00114695      0.00772932
             838            0.12     -0.00100239      0.00772145
             839            0.08     -0.00090584      0.00771284
             840            -0.2     -0.00114286       0.0077073
             841               0      -0.0011415      0.00769813
             842           -0.24     -0.00142518      0.00769421
             843           -0.04     -0.00147094      0.00768522
             844            -0.2     -0.00170616      0.00767971
             845               0     -0.00170414      0.00767062
             846            0.12     -0.00156028       0.0076629
             847            0.16     -0.00136954      0.00765622
             848           -0.08     -0.00146226      0.00764775
             849           -0.16       -0.001649      0.00764102
             850           -0.28     -0.00197647      0.00763904
             851            -0.4     -0.00244418      0.00764438
             852           -0.32      -0.0028169       0.0076445
             853           -0.12     -0.00295428      0.00763677
             854           -0.16     -0.00313817      0.00763004
             855               0      -0.0031345      0.00762111
             856           -0.12     -0.00327103      0.00761342
             857           -0.24     -0.00354726      0.00760955
             858            -0.2     -0.00377622      0.00760412
             859            0.04     -0.00372526      0.00759544
             860            0.04     -0.00367442      0.00758677
             861            0.16     -0.00348432      0.00758034
             862             0.4     -0.00301624      0.00758599
             863            0.56     -0.00236385      0.00760523
             864            0.36     -0.00194444      0.00760799
             865           -0.04     -0.00198844      0.00759932
             866           -0.08     -0.00207852      0.00759107
             867           -0.24     -0.00235294      0.00758728
             868           -0.24     -0.00262673      0.00758347
             869           -0.28     -0.00294591      0.00758147
             870           -0.48     -0.00349425      0.00759257
             871           -0.36     -0.00390356      0.00759489
             872           -0.52     -0.00449541      0.00760923
             873           -0.44     -0.00499427      0.00761686
             874            0.12     -0.00485126      0.00760948
             875           -0.08     -0.00493714      0.00760127
             876            0.12     -0.00479452      0.00759392
             877               0     -0.00478905      0.00758526
             878           -0.04     -0.00482916      0.00757672
             879            0.12     -0.00468714      0.00756943
             880            0.04     -0.00463636      0.00756099
             881            0.04      -0.0045857      0.00755258
             882            0.08      -0.0044898      0.00754462
             883            0.32     -0.00412231      0.00754502
             884            0.44     -0.00361991      0.00755321
             885             0.4     -0.00316384      0.00755844
             886            0.36     -0.00275395      0.00756103
             887            0.44     -0.00225479      0.00756897
             888            0.32     -0.00189189      0.00756915
             889            0.16     -0.00170979      0.00756282
             890             0.2     -0.00148315      0.00755772
             891            -0.2     -0.00170595      0.00755252
             892               0     -0.00170404      0.00754405
             893             0.4      -0.0012542      0.00754901
             894            0.16     -0.00107383      0.00754272
             895               0     -0.00107263      0.00753429
             896           -0.04     -0.00111607        0.007526
             897            0.04     -0.00107023      0.00751774
             898            0.12    -0.000935412      0.00751058
             899               0    -0.000934372      0.00750222
             900            -0.2     -0.00115556      0.00749714
             901            0.12     -0.00102109      0.00749002
             902            0.04     -0.00097561      0.00748185
             903           -0.24     -0.00124031      0.00747825
             904            -0.2     -0.00146018      0.00747321
             905           -0.24     -0.00172376       0.0074696
             906           -0.08     -0.00181015      0.00746185
             907           -0.08     -0.00189636      0.00745412
             908            0.08     -0.00180617      0.00744645
             909            0.12     -0.00167217      0.00743946
             910             0.4     -0.00123077      0.00744438
             911            0.52    -0.000658617      0.00745818
             912            0.36    -0.000263158      0.00746048
             913             0.4     0.000175246      0.00746519
             914            0.16     0.000350109      0.00745907
             915           -0.08     0.000262295      0.00745143
             916           -0.16    8.73362e-005      0.00744535
             917               0     8.7241e-005      0.00743722
             918           -0.04     4.3573e-005      0.00742925
             919           -0.04    4.07726e-019      0.00742129
             920           -0.08   -8.69565e-005      0.00741373
             921            0.04   -4.34311e-005       0.0074058
             922           -0.36    -0.000433839      0.00740806
             923             0.2    -0.000216685      0.00740321
             924            0.04     -0.00017316      0.00739532
             925            0.08   -8.64865e-005      0.00738783
             926            0.32     0.000259179      0.00738794
             927            0.08       0.0003452      0.00738047
             928           -0.28    4.31034e-005       0.0073787
             929           -0.36    -0.000344456      0.00738093
             930           -0.64     -0.00103226        0.007405
             931           -0.64     -0.00171858      0.00742882
             932           -0.44     -0.00218884      0.00743573
             933           -0.52     -0.00274384      0.00744846
             934           -0.52     -0.00329764      0.00746106
             935           -0.36     -0.00367914      0.00746284
             936           -0.12     -0.00380342      0.00745589
             937            -0.2     -0.00401281      0.00745088
             938           -0.08     -0.00409382      0.00744337
             939            -0.2     -0.00430245      0.00743836
             940           -0.04     -0.00434043      0.00743054
             941               0     -0.00433581      0.00742264
             942            0.24     -0.00407643       0.0074193
             943            0.16     -0.00390244      0.00741347
             944            0.28     -0.00360169      0.00741171
             945            0.44     -0.00313228      0.00741873
             946             0.4     -0.00270613      0.00742313
             947            0.24     -0.00244984      0.00741971
             948           -0.08     -0.00253165      0.00741233
             949           -0.44     -0.00299262      0.00741885
             950           -0.24     -0.00324211      0.00741524
             951            0.04     -0.00319664      0.00740758
             952           -0.08     -0.00327731      0.00740023
             953           -0.04     -0.00331584      0.00739256
             954            0.12     -0.00318658      0.00738594
             955            0.12     -0.00305759      0.00737933
             956            0.52     -0.00251046      0.00739188
             957            0.12     -0.00238245      0.00738527
             958            0.16     -0.00221294       0.0073795
             959           -0.04     -0.00225235      0.00737191
             960           -0.28     -0.00254167       0.0073699
             961            0.16     -0.00237253      0.00736417
             962            0.12     -0.00224532      0.00735761
             963            0.32      -0.0019107      0.00735758
             964            0.44     -0.00145228      0.00736423
             965            0.16     -0.00128497       0.0073585
             966           -0.04     -0.00132505      0.00735098
             967            0.36    -0.000951396      0.00735288
             968            0.08    -0.000867769      0.00734575
             969            0.08    -0.000784314      0.00733864
             970             0.2     -0.00057732        0.007334
             971           -0.04     -0.00061792      0.00732655
             972             0.2    -0.000411523      0.00732192
             973           -0.04     -0.00045221       0.0073145
             974           -0.24    -0.000698152      0.00731113
             975           -0.16    -0.000861538      0.00730545
             976           -0.28     -0.00114754      0.00730357
             977           -0.08     -0.00122825      0.00729653
             978            -0.4     -0.00163599      0.00730046
             979           -0.44     -0.00208376      0.00730674
             980           -0.32     -0.00240816      0.00730648
             981           -0.32     -0.00273191      0.00730621
             982           -0.08     -0.00281059      0.00729919
             983           -0.44     -0.00325534      0.00730531
             984            -0.2     -0.00345528      0.00730062
             985            -0.4     -0.00385787      0.00730431
             986            -0.2      -0.0040568       0.0072996
             987            0.16     -0.00389058       0.0072941
             988            0.28     -0.00360324      0.00729238
             989            0.52     -0.00307381      0.00730421
             990            0.44     -0.00262626      0.00731054
             991            0.12     -0.00250252      0.00730421
             992           -0.04     -0.00254032      0.00729694
             993            0.24     -0.00229607      0.00729368
             994             0.2     -0.00209256      0.00728918
             995             0.2     -0.00188945      0.00728468
             996            0.32     -0.00156627      0.00728454
             997            0.36     -0.00120361      0.00728626
             998            0.48    -0.000721443      0.00729491
             999            0.08    -0.000640641      0.00728805
            1000           -0.04        -0.00068      0.00728086