                   1           0.0447954           0.0447954                   0
                   2           0.0446341           0.0447147        5.70032e-005
                   3           0.0443013           0.0445769         0.000118759
                   4           0.0437295           0.0443651         0.000203959
                   5           0.0427419           0.0440404         0.000333061
                   6           0.0411323           0.0435558         0.000522304
                   7           0.0401673           0.0430717         0.000633455
                   8            0.050622           0.0440155          0.00104241
                   9           0.0457532           0.0442086         0.000944301
                  10           0.0600366           0.0457914           0.0017254
                  11           0.0547483           0.0466056          0.00175017
                  12           0.0480005           0.0467219          0.00160818
                  13           0.0480099            0.046821          0.00148752
                  14           0.0498691           0.0470387          0.00139711
                  15            0.041433            0.046665          0.00135303
                  16           0.0531655           0.0470713          0.00132807
                  17           0.0532704           0.0474359          0.00129904
                  18           0.0607863           0.0481776          0.00142294
                  19           0.0552009           0.0485473          0.00139524
                  20           0.0464036           0.0484401          0.00132958
                  21           0.0517664           0.0485985          0.00127567
                  22           0.0447326           0.0484227          0.00122973
                  23           0.0416449           0.0481281          0.00121106
                  24           0.0387622           0.0477378          0.00122186
                  25           0.0420122           0.0475088          0.00119425
                  26            0.040371           0.0472343          0.00117945
                  27           0.0520041           0.0474109          0.00114892
                  28           0.0536184           0.0476326          0.00112908
                  29           0.0466663           0.0475993          0.00109063
                  30           0.0415869           0.0473989          0.00107253
                  31            0.041867           0.0472204          0.00105268
                  32           0.0486327           0.0472646          0.00102071
                  33           0.0568615           0.0475554          0.00103037
                  34           0.0470128           0.0475394          0.00100019
                  35            0.051499           0.0476526         0.000977991
                  36            0.048047           0.0476635         0.000950886
                  37           0.0563289           0.0478977         0.000953591
                  38           0.0523747           0.0480155         0.000935746
                  39           0.0491157           0.0480437         0.000912178
                  40           0.0578769           0.0482896         0.000921904
                  41           0.0504964           0.0483434         0.000900988
                  42           0.0471888           0.0483159         0.000879955
                  43           0.0477833           0.0483035         0.000859578
                  44           0.0537885           0.0484282         0.000849034
                  45           0.0422827           0.0482916         0.000841078
                  46           0.0495865           0.0483198         0.000823265
                  47           0.0495677           0.0483463         0.000806176
                  48           0.0470164           0.0483186         0.000789857
                  49           0.0432549           0.0482153         0.000780469
                  50            0.051219           0.0482753         0.000767168
                  51           0.0659309           0.0486215         0.000826552
                  52            0.062095           0.0488806         0.000850299
                  53           0.0452271           0.0488117         0.000837045
                  54           0.0481906           0.0488002         0.000821623
                  55           0.0624487           0.0490484         0.000843328
                  56           0.0488059            0.049044          0.00082828
                  57           0.0603008           0.0492415         0.000836961
                  58            0.038472           0.0490558         0.000842876
                  59           0.0577491           0.0492032          0.00084137
                  60           0.0565991           0.0493264         0.000836328
                  61           0.0514872           0.0493619         0.000823367
                  62           0.0497363           0.0493679         0.000810109
                  63           0.0464434           0.0493215         0.000798579
                  64            0.045908           0.0492681         0.000787881
                  65           0.0546923           0.0493516         0.000780166
                  66           0.0490342           0.0493468          0.00076836
                  67           0.0465294           0.0493047         0.000758042
                  68           0.0454483            0.049248         0.000749013
                  69           0.0471162           0.0492171         0.000738794
                  70           0.0482763           0.0492037         0.000728362
                  71           0.0512924           0.0492331         0.000718698
                  72           0.0501293           0.0492455         0.000708824
                  73           0.0595211           0.0493863         0.000712953
                  74            0.044513           0.0493205         0.000706354
                  75            0.045399           0.0492682         0.000698868
                  76           0.0743814           0.0495986         0.000763807
                  77           0.0540843           0.0496569         0.000756105
                  78           0.0476394            0.049631         0.000746854
                  79           0.0487036           0.0496193         0.000737492
                  80           0.0537641           0.0496711         0.000730091
                  81           0.0431598           0.0495907          0.00072549
                  82           0.0411886           0.0494882         0.000723842
                  83            0.057359            0.049583         0.000721306
                  84           0.0584973           0.0496892         0.000720483
                  85           0.0470441           0.0496581         0.000712679
                  86            0.041669           0.0495652          0.00071042
                  87           0.0429172           0.0494887         0.000706352
                  88            0.037688           0.0493546         0.000710941
                  89           0.0558058           0.0494271         0.000706638
                  90           0.0594938            0.049539         0.000707583
                  91           0.0516424           0.0495621         0.000700185
                  92           0.0503263           0.0495704         0.000692624
                  93           0.0418857           0.0494878         0.000690088
                  94            0.062222           0.0496232         0.000695916
                  95           0.0536271           0.0496654         0.000689866
                  96            0.059537           0.0497682         0.000690301
                  97           0.0543691           0.0498156         0.000684812
                  98           0.0499743           0.0498173         0.000677826
                  99           0.0418289           0.0497366         0.000675765
                 100           0.0370526           0.0496097         0.000680807
                 101           0.0569243           0.0496822         0.000677907
                 102           0.0552727            0.049737         0.000673473
                 103           0.0466672           0.0497072         0.000667594
                 104           0.0523775           0.0497328         0.000661668
                 105           0.0492814           0.0497285         0.000655381
                 106            0.057094            0.049798         0.000652871
                 107           0.0491371           0.0497918         0.000646799
                 108            0.045269             0.04975         0.000642164
                 109           0.0454512           0.0497105         0.000637482
                 110           0.0452538             0.04967         0.000632973
                 111           0.0532537           0.0497023         0.000628094
                 112           0.0544037           0.0497443         0.000623887
                 113           0.0568394           0.0498071         0.000621517
                 114           0.0491299           0.0498011         0.000616094
                 115           0.0542855           0.0498401         0.000611969
                 116           0.0499471            0.049841         0.000606694
                 117           0.0466365           0.0498137         0.000602127
                 118           0.0498676           0.0498141         0.000597024
                 119           0.0611584           0.0499094          0.00059957
                 120           0.0469672           0.0498849         0.000595075
                 121           0.0451984           0.0498462         0.000591416
                 122           0.0441751           0.0497997         0.000588392
                 123           0.0393609           0.0497148         0.000589697
                 124           0.0438622           0.0496676         0.000586827
                 125           0.0443681           0.0496252         0.000583662
                 126            0.052489            0.049648         0.000579472
                 127           0.0544038           0.0496854         0.000576118
                 128           0.0432916           0.0496355         0.000573779
                 129           0.0446046           0.0495965         0.000570655
                 130           0.0486225            0.049589         0.000566314
                 131           0.0637654           0.0496972         0.000572237
                 132           0.0626625           0.0497954          0.00057627
                 133           0.0497324           0.0497949         0.000571938
                 134            0.047351           0.0497767          0.00056796
                 135           0.0471818           0.0497575         0.000564078
                 136           0.0471764           0.0497385          0.00056025
                 137           0.0418262           0.0496808         0.000559129
                 138            0.048836           0.0496746         0.000555111
                 139           0.0573441           0.0497298         0.000553853
                 140           0.0486141           0.0497218         0.000549954
                 141           0.0551223           0.0497601         0.000547386
                 142           0.0467034           0.0497386         0.000543954
                 143           0.0378522           0.0496555         0.000546464
                 144           0.0465727           0.0496341         0.000543089
                 145           0.0461273           0.0496099         0.000539881
                 146           0.0456885            0.049583         0.000536851
                 147           0.0447219             0.04955         0.000534217
                 148           0.0418947           0.0494982         0.000533105
                 149           0.0489408           0.0494945         0.000529541
                 150           0.0521464           0.0495122         0.000526305
                 151           0.0555764           0.0495523          0.00052435
                 152           0.0557838           0.0495933           0.0005225
                 153           0.0519527           0.0496088         0.000519313
                 154           0.0415113           0.0495562         0.000518596
                 155            0.044125           0.0495211         0.000516432
                 156           0.0504969           0.0495274          0.00051316
                 157           0.0442342           0.0494937         0.000510998
                 158           0.0455346           0.0494686         0.000508377
                 159           0.0439466           0.0494339         0.000506365
                 160           0.0501123           0.0494381         0.000503218
                 161           0.0486833           0.0494334         0.000500114
                 162           0.0494278           0.0494334         0.000497027
                 163           0.0472601           0.0494201         0.000494157
                 164           0.0522207           0.0494372         0.000491439
                 165           0.0528316           0.0494577         0.000488891
                 166           0.0467396           0.0494414          0.00048622
                 167            0.039069           0.0493792         0.000487259
                 168           0.0473887           0.0493674         0.000484503
                 169            0.058885           0.0494237         0.000484898
                 170           0.0637519            0.049508         0.000489316
                 171           0.0521456           0.0495234         0.000486697
                 172           0.0480446           0.0495148         0.000483943
                 173             0.04919           0.0495129          0.00048115
                 174           0.0541102           0.0495394         0.000479109
                 175           0.0484798           0.0495333          0.00047641
                 176           0.0430803           0.0494966         0.000475112
                 177           0.0481893           0.0494893         0.000472485
                 178           0.0481131           0.0494815         0.000469894
                 179           0.0488034           0.0494777         0.000467284
                 180           0.0428622            0.049441         0.000466131
                 181           0.0592897           0.0494954         0.000466721
                 182           0.0540176           0.0495202         0.000464817
                 183           0.0479054           0.0495114         0.000462361
                 184           0.0499462           0.0495138         0.000459854
                 185           0.0617548             0.04958         0.000462104
                 186           0.0492665           0.0495783         0.000459623
                 187           0.0541705           0.0496028         0.000457821
                 188           0.0541713           0.0496271          0.00045603
                 189           0.0501006           0.0496296         0.000453624
                 190           0.0495041            0.049629         0.000451237
                 191           0.0435228            0.049597         0.000450006
                 192           0.0447618           0.0495718         0.000448366
                 193            0.047526           0.0495612         0.000446168
                 194            0.054685           0.0495876         0.000444649
                 195           0.0578068           0.0496298         0.000444362
                 196           0.0564228           0.0496644         0.000443445
                 197           0.0540989           0.0496869         0.000441765
                 198           0.0408312           0.0496422         0.000441792
                 199           0.0471071           0.0496295         0.000439755
                 200           0.0534951           0.0496488         0.000437981
                 201           0.0514837           0.0496579         0.000435897
                 202           0.0529095            0.049674         0.000434036
                 203           0.0553637           0.0497021         0.000432802
                 204           0.0545648           0.0497259         0.000431337
                 205           0.0459175           0.0497073         0.000429633
                 206           0.0408144           0.0496642          0.00042971
                 207           0.0499934           0.0496657         0.000427637
                 208           0.0456036           0.0496462         0.000426027
                 209           0.0494031            0.049645          0.00042399
                 210           0.0714474           0.0497489         0.000434496
                 211           0.0620474           0.0498072         0.000436329
                 212           0.0556357           0.0498346         0.000435136
                 213           0.0536336           0.0498525         0.000433459
                 214           0.0520876           0.0498629         0.000431559
                 215           0.0489313           0.0498586         0.000429574
                 216           0.0561034           0.0498875         0.000428557
                 217           0.0472796           0.0498755          0.00042675
                 218           0.0464878             0.04986         0.000425076
                 219           0.0445093           0.0498355         0.000423836
                 220           0.0483866           0.0498289         0.000421961
                 221           0.0374594            0.049773         0.000423747
                 222           0.0380457           0.0497201         0.000425118
                 223           0.0391884           0.0496729         0.000425827
                 224           0.0534372           0.0496897         0.000424258
                 225           0.0625318           0.0497468         0.000426194
                 226            0.054943           0.0497698         0.000424928
                 227           0.0433341           0.0497414         0.000424001
                 228           0.0495505           0.0497406         0.000422142
                 229           0.0469336           0.0497283         0.000420476
                 230           0.0472316           0.0497175         0.000418788
                 231           0.0438315            0.049692          0.00041775
                 232           0.0460846           0.0496765         0.000416239
                 233           0.0500757           0.0496782         0.000414456
                 234           0.0449472           0.0496579         0.000413177
                 235           0.0428983           0.0496292         0.000412419
                 236           0.0495995           0.0496291         0.000410672
                 237           0.0482224           0.0496231         0.000408982
                 238           0.0519332           0.0496328         0.000407378
                 239           0.0489251           0.0496299         0.000405685
                 240           0.0562483           0.0496574         0.000404931
                 241           0.0433025           0.0496311         0.000404108
                 242            0.041635            0.049598         0.000403787
                 243           0.0484928           0.0495935         0.000402151
                 244           0.0458438           0.0495781         0.000400796
                 245           0.0616415           0.0496274         0.000402173
                 246           0.0436029           0.0496029         0.000401283
                 247           0.0391955           0.0495607         0.000401865
                 248           0.0432157           0.0495351         0.000401058
                 249           0.0501866           0.0495378         0.000399456
                 250           0.0441593           0.0495162         0.000398437
                 251           0.0443451           0.0494956         0.000397382
                 252           0.0514113           0.0495032         0.000395877
                 253           0.0581218           0.0495373         0.000395776
                 254           0.0498327           0.0495385         0.000394219
                 255           0.0486751           0.0495351         0.000392688
                 256           0.0496838           0.0495357         0.000391154
                 257           0.0571303           0.0495652         0.000390747
                 258           0.0451494           0.0495481         0.000389607
                 259           0.0446859           0.0495293         0.000388555
                 260            0.048518           0.0495254          0.00038708
                 261           0.0536245           0.0495411         0.000385915
                 262           0.0450584            0.049524         0.000384821
                 263           0.0417622           0.0494945         0.000384488
                 264           0.0440744            0.049474          0.00038358
                 265           0.0559897           0.0494986         0.000382919
                 266           0.0426987            0.049473         0.000382332
                 267           0.0534986           0.0494881         0.000381197
                 268           0.0527514           0.0495003         0.000379969
                 269           0.0464015           0.0494888         0.000378731
                 270           0.0416379           0.0494597         0.000378443
                 271           0.0490848           0.0494583         0.000377049
                 272           0.0499676           0.0494602         0.000375668
                 273           0.0695338           0.0495337          0.00038142
                 274           0.0492773           0.0495328         0.000380029
                 275           0.0417995           0.0495046         0.000379686
                 276           0.0452788           0.0494893         0.000378619
                 277           0.0510747           0.0494951         0.000377295
                 278           0.0477844           0.0494889         0.000375988
                 279           0.0431772           0.0494663         0.000375321
                 280           0.0467563           0.0494566         0.000374105
                 281           0.0521725           0.0494663         0.000372899
                 282           0.0580913           0.0494968         0.000372828
                 283           0.0412496           0.0494677         0.000372648
                 284           0.0407338            0.049437         0.000372603
                 285           0.0512226           0.0494432         0.000371348
                 286           0.0481305           0.0494386         0.000370078
                 287           0.0517089           0.0494465         0.000368873
                 288           0.0511148           0.0494523         0.000367638
                 289           0.0388519           0.0494156         0.000368191
                 290           0.0420842           0.0493904         0.000367788
                 291            0.052095           0.0493997         0.000366642
                 292           0.0489788           0.0493982         0.000365389
                 293           0.0502598           0.0494012         0.000364154
                 294           0.0470957           0.0493933            0.000363
                 295           0.0515368           0.0494006         0.000361842
                 296           0.0455594           0.0493876         0.000360852
                 297           0.0537706           0.0494024         0.000359939
                 298           0.0557285           0.0494236         0.000359356
                 299           0.0431732           0.0494027         0.000358762
                 300           0.0423166           0.0493791         0.000358343
                 301           0.0369147           0.0493377         0.000359537
                 302           0.0421432           0.0493138         0.000359135
                 303           0.0554582           0.0493341         0.000358522
                 304           0.0476965           0.0493287         0.000357383
                 305           0.0438172           0.0493107         0.000356668
                 306           0.0495817           0.0493115         0.000355503
                 307           0.0569966           0.0493366         0.000355225
                 308           0.0584586           0.0493662         0.000355305
                 309           0.0507744           0.0493708         0.000354184
                 310            0.059439           0.0494032         0.000354527
                 311           0.0444995           0.0493875         0.000353738
                 312           0.0595263             0.04942         0.000354094
                 313           0.0552851           0.0494387         0.000353458
                 314           0.0446348           0.0494234         0.000352663
                 315           0.0514702           0.0494299         0.000351603
                 316            0.044641           0.0494147         0.000350817
                 317            0.044221           0.0493984         0.000350093
                 318           0.0494153           0.0493984         0.000348992
                 319           0.0408891           0.0493717         0.000348916
                 320           0.0576915           0.0493977         0.000348793
                 321           0.0504311            0.049401         0.000347721
                 322           0.0484378            0.049398         0.000346654
                 323           0.0427602           0.0493774         0.000346189
                 324           0.0443682            0.049362         0.000345466
                 325           0.0384664           0.0493284         0.000346026
                 326           0.0481323           0.0493248         0.000344984
                 327           0.0457919            0.049314         0.000344098
                 328           0.0457772           0.0493032         0.000343218
                 329           0.0507741           0.0493076         0.000342204
                 330           0.0591224           0.0493374         0.000342457
                 331           0.0557989           0.0493569         0.000341978
                 332           0.0505016           0.0493604         0.000340965
                 333           0.0485949           0.0493581         0.000339949
                 334           0.0488008           0.0493564         0.000338936
                 335           0.0472038             0.04935         0.000337985
                 336           0.0547811           0.0493661         0.000337365
                 337           0.0395505            0.049337         0.000337619
                 338           0.0452225           0.0493248         0.000336839
                 339           0.0429722           0.0493061         0.000336367
                 340           0.0365325           0.0492685         0.000337469
                 341           0.0484908           0.0492662         0.000336487
                 342           0.0575293           0.0492904         0.000336369
                 343           0.0514108           0.0492966         0.000335446
                 344           0.0463528            0.049288          0.00033458
                 345           0.0525576           0.0492975         0.000333744
                 346           0.0443626           0.0492832         0.000333084
                 347           0.0447862           0.0492703         0.000332376
                 348           0.0470252           0.0492638         0.000331484
                 349           0.0461914            0.049255         0.000330651
                 350           0.0561427           0.0492747         0.000330291
                 351           0.0506016           0.0492785         0.000329372
                 352           0.0557782           0.0492969         0.000328953
                 353           0.0503778              0.0493         0.000328036
                 354           0.0431355           0.0492826         0.000327571
                 355           0.0396575           0.0492555         0.000327768
                 356           0.0455697           0.0492451         0.000327011
                 357           0.0476473           0.0492407         0.000326126
                 358           0.0492835           0.0492408         0.000325215
                 359           0.0500961           0.0492432         0.000324318
                 360            0.051209           0.0492486         0.000323463
                 361           0.0460101           0.0492396         0.000322691
                 362           0.0492177           0.0492396           0.0003218
                 363           0.0598991           0.0492689          0.00032225
                 364           0.0605489           0.0492999         0.000322851
                 365           0.0530447           0.0493102          0.00032213
                 366           0.0523054           0.0493184         0.000321354
                 367           0.0524818            0.049327         0.000320594
                 368           0.0423516            0.049308         0.000320282
                 369           0.0431546           0.0492914         0.000319848
                 370           0.0504458           0.0492945         0.000318999
                 371           0.0553654           0.0493109         0.000318558
                 372           0.0586948           0.0493361         0.000318699
                 373           0.0523513           0.0493442         0.000317947
                 374           0.0601556           0.0493731         0.000318409
                 375           0.0534418           0.0493839         0.000317744
                 376           0.0480919           0.0493805         0.000316918
                 377           0.0435607            0.049365         0.000316453
                 378           0.0434776           0.0493495         0.000315999
                 379           0.0480671           0.0493461         0.000315183
                 380           0.0444088           0.0493331         0.000314622
                 381           0.0518752           0.0493398         0.000313866
                 382           0.0651636           0.0493812         0.000315767
                 383           0.0460942           0.0493726         0.000315059
                 384           0.0516514           0.0493785         0.000314294
                 385           0.0452501           0.0493678         0.000313661
                 386           0.0516604           0.0493738         0.000312904
                 387           0.0529949           0.0493831         0.000312236
                 388           0.0571801           0.0494032         0.000312077
                 389            0.047635           0.0493987         0.000311308
                 390           0.0495011           0.0493989          0.00031051
                 391           0.0486122           0.0493969         0.000309722
                 392           0.0481828           0.0493938         0.000308947
                 393           0.0514518           0.0493991         0.000308206
                 394            0.065552           0.0494401         0.000310138
                 395           0.0535131           0.0494504         0.000309524
                 396           0.0568692           0.0494691         0.000309309
                 397           0.0421832           0.0494507         0.000309074
                 398           0.0510435           0.0494547         0.000308323
                 399           0.0671794           0.0494992         0.000310734
                 400           0.0579286           0.0495202         0.000310671
                 401           0.0652924           0.0495596         0.000312376
                 402           0.0513491            0.049564         0.000311631
                 403           0.0503213           0.0495659         0.000310863
                 404           0.0519414           0.0495718         0.000310149
                 405           0.0491509           0.0495707         0.000309385
                 406           0.0547832           0.0495836          0.00030889
                 407           0.0460297           0.0495749         0.000308254
                 408           0.0481335           0.0495713         0.000307519
                 409           0.0500335           0.0495725         0.000306769
                 410           0.0564662           0.0495893         0.000306481
                 411           0.0411327           0.0495687         0.000306425
                 412           0.0394256           0.0495441         0.000306669
                 413           0.0458852           0.0495352         0.000306054
                 414           0.0392167           0.0495103         0.000306328
                 415           0.0563131           0.0495267         0.000306029
                 416           0.0486848           0.0495247           0.0003053
                 417           0.0535462           0.0495343          0.00030472
                 418           0.0636992           0.0495682         0.000305869
                 419           0.0622335           0.0495984         0.000306629
                 420            0.050677            0.049601          0.00030591
                 421           0.0575406           0.0496198         0.000305764
                 422           0.0484601           0.0496171         0.000305052
                 423           0.0516412           0.0496219         0.000304368
                 424           0.0624103            0.049652         0.000305141
                 425           0.0412675           0.0496323          0.00030506
                 426           0.0496042           0.0496322         0.000304344
                 427            0.056341            0.049648         0.000304037
                 428            0.046207           0.0496399         0.000303433
                 429           0.0447733           0.0496286         0.000302937
                 430           0.0608396           0.0496546         0.000303353
                 431           0.0605423           0.0496799         0.000303699
                 432           0.0448055           0.0496686         0.000303205
                 433           0.0453178           0.0496586         0.000302671
                 434           0.0514438           0.0496627         0.000302002
                 435           0.0513239           0.0496665         0.000301332
                 436           0.0535332           0.0496754         0.000300771
                 437           0.0566434           0.0496913         0.000300505
                 438           0.0499704            0.049692          0.00029982
                 439           0.0487434           0.0496898         0.000299145
                 440           0.0433353           0.0496754         0.000298813
                 441           0.0387262           0.0496505         0.000299165
                 442           0.0589045           0.0496715          0.00029922
                 443           0.0549001           0.0496833         0.000298778
                 444           0.0533019           0.0496914         0.000298216
                 445           0.0507258           0.0496937         0.000297555
                 446           0.0535727           0.0497024         0.000297015
                 447            0.053029           0.0497099         0.000296443
                 448             0.04383           0.0496968         0.000296072
                 449            0.047631           0.0496922         0.000295448
                 450           0.0472038           0.0496866         0.000294844
                 451           0.0411246           0.0496676           0.0002948
                 452           0.0554029           0.0496803         0.000294421
                 453           0.0508592           0.0496829         0.000293783
                 454           0.0546522           0.0496939         0.000293339
                 455           0.0558176           0.0497073         0.000293003
                 456           0.0563265           0.0497219          0.00029272
                 457           0.0419923           0.0497049         0.000292568
                 458           0.0523138           0.0497106         0.000291984
                 459           0.0453338           0.0497011         0.000291504
                 460           0.0515144            0.049705         0.000290897
                 461           0.0556125           0.0497179         0.000290548
                 462           0.0493949           0.0497172          0.00028992
                 463           0.0423292           0.0497012         0.000289733
                 464            0.051069           0.0497041         0.000289123
                 465           0.0498165           0.0497044         0.000288501
                 466           0.0402679           0.0496841         0.000288592
                 467           0.0397567           0.0496629         0.000288756
                 468           0.0529054           0.0496698         0.000288222
                 469           0.0422835           0.0496541         0.000288038
                 470           0.0556284           0.0496668         0.000287705
                 471           0.0661283           0.0497017         0.000289209
                 472           0.0503195            0.049703           0.0002886
                 473           0.0495383           0.0497027          0.00028799
                 474           0.0478263           0.0496987         0.000287409
                 475           0.0508394           0.0497011         0.000286814
                 476           0.0579279           0.0497184         0.000286732
                 477           0.0459843           0.0497106         0.000286238
                 478           0.0466931           0.0497043         0.000285708
                 479           0.0513582           0.0497077         0.000285133
                 480           0.0434987           0.0496948         0.000284832
                 481           0.0440135            0.049683         0.000284485
                 482            0.047326           0.0496781         0.000283937
                 483           0.0538244           0.0496867         0.000283478
                 484           0.0508859           0.0496891         0.000282904
                 485           0.0480414           0.0496857         0.000282341
                 486           0.0493115            0.049685         0.000281761
                 487           0.0514342           0.0496886         0.000281205
                 488           0.0634279           0.0497167         0.000282035
                 489           0.0475676           0.0497123         0.000281492
                 490           0.0555491           0.0497242          0.00028117
                 491           0.0568119           0.0497387         0.000280967
                 492           0.0475118           0.0497342         0.000280433
                 493           0.0502474           0.0497352         0.000279866
                 494           0.0468283           0.0497293         0.000279361
                 495           0.0551831           0.0497403         0.000279014
                 496           0.0467111           0.0497342         0.000278518
                 497            0.064176           0.0497633          0.00027947
                 498           0.0562243           0.0497763         0.000279209
                 499           0.0496413            0.049776          0.00027865
                 500           0.0457526           0.0497679         0.000278209
                 501           0.0496231           0.0497676         0.000277654
                 502           0.0509616             0.04977         0.000277111
                 503           0.0577631           0.0497859         0.000277015
                 504           0.0525167           0.0497913         0.000276518
                 505           0.0521408            0.049796          0.00027601
                 506           0.0539471           0.0498042         0.000275586
                 507           0.0446508            0.049794          0.00027523
                 508           0.0416643            0.049778         0.000275153
                 509           0.0359252           0.0497508         0.000275955
                 510           0.0508491            0.049753         0.000275423
                 511           0.0508913           0.0497552         0.000274893
                 512           0.0469006           0.0497496         0.000274412
                 513           0.0407809           0.0497321         0.000274434
                 514           0.0517683           0.0497361         0.000273928
                 515           0.0662164           0.0497681         0.000275259
                 516           0.0518062            0.049772         0.000274754
                 517           0.0386937           0.0497506         0.000275057
                 518           0.0502314           0.0497515         0.000274528
                 519           0.0560779           0.0497637         0.000274269
                 520           0.0604044           0.0497842         0.000274504
                 521           0.0528709           0.0497901         0.000274041
                 522           0.0503143           0.0497911         0.000273518
                 523           0.0531832           0.0497976         0.000273072
                 524           0.0487114           0.0497955         0.000272559
                 525           0.0523815           0.0498005         0.000272084
                 526           0.0490917           0.0497991          0.00027157
                 527           0.0458735           0.0497917         0.000271157
                 528           0.0457955           0.0497841         0.000270749
                 529           0.0432213           0.0497717         0.000270521
                 530            0.039285           0.0497519         0.000270733
                 531           0.0404045           0.0497343         0.000270795
                 532           0.0389653           0.0497141         0.000271042
                 533            0.046875           0.0497087         0.000270586
                 534           0.0567151           0.0497218         0.000270397
                 535           0.0479968           0.0497186         0.000269911
                 536           0.0481631           0.0497157         0.000269423
                 537           0.0541598            0.049724         0.000269048
                 538           0.0571984           0.0497379         0.000268906
                 539           0.0536573           0.0497452         0.000268506
                 540           0.0428827           0.0497325         0.000268309
                 541           0.0461745           0.0497259         0.000267894
                 542           0.0582212           0.0497416         0.000267858
                 543           0.0463719           0.0497353         0.000267436
                 544           0.0429691           0.0497229         0.000267234
                 545           0.0416408           0.0497081         0.000267154
                 546           0.0454398           0.0497003          0.00026678
                 547           0.0577996           0.0497151         0.000266702
                 548            0.043284           0.0497033         0.000266474
                 549           0.0417005           0.0496888         0.000266387
                 550           0.0438237           0.0496781         0.000266116
                 551           0.0499232           0.0496785         0.000265633
                 552           0.0433519           0.0496671         0.000265399
                 553           0.0448207           0.0496583         0.000265064
                 554           0.0484265           0.0496561         0.000264595
                 555           0.0462856             0.04965         0.000264188
                 556           0.0524022            0.049655         0.000263759
                 557           0.0497401           0.0496551         0.000263285
                 558           0.0479998           0.0496522          0.00026283
                 559           0.0710698           0.0496905         0.000265138
                 560           0.0521102           0.0496948           0.0002647
                 561            0.053607           0.0497018          0.00026432
                 562           0.0510812           0.0497042         0.000263861
                 563           0.0436561           0.0496935         0.000263611
                 564           0.0485234           0.0496914         0.000263152
                 565           0.0593826           0.0497086         0.000263244
                 566           0.0590298            0.049725         0.000263294
                 567           0.0434676            0.049714         0.000263061
                 568           0.0431721           0.0497025         0.000262849
                 569           0.0600433           0.0497206         0.000263015
                 570           0.0540404           0.0497282         0.000262663
                 571            0.040182           0.0497115         0.000262734
                 572           0.0484735           0.0497093         0.000262284
                 573           0.0626087           0.0497318          0.00026279
                 574           0.0504324           0.0497331         0.000262336
                 575           0.0469644           0.0497283         0.000261923
                 576           0.0540479           0.0497358         0.000261576
                 577           0.0523157           0.0497402         0.000261161
                 578           0.0510544           0.0497425         0.000260719
                 579           0.0464811           0.0497369          0.00026033
                 580           0.0489276           0.0497355         0.000259884
                 581            0.049046           0.0497343          0.00025944
                 582           0.0544586           0.0497424         0.000259121
                 583           0.0459576           0.0497359         0.000258758
                 584           0.0437708           0.0497257         0.000258516
                 585           0.0421179           0.0497127         0.000258401
                 586           0.0440023           0.0497029         0.000258144
                 587           0.0451694           0.0496952          0.00025782
                 588           0.0510802           0.0496976         0.000257392
                 589           0.0529878           0.0497032         0.000257016
                 590           0.0478695           0.0497001         0.000256599
                 591           0.0507911           0.0497019         0.000256171
                 592           0.0478541           0.0496988         0.000255758
                 593           0.0560747           0.0497095         0.000255552
                 594           0.0636624            0.049733         0.000256199
                 595           0.0546889           0.0497414         0.000255904
                 596           0.0551484           0.0497504         0.000255635
                 597           0.0484785           0.0497483         0.000255216
                 598           0.0444843           0.0497395         0.000254941
                 599           0.0591144           0.0497551         0.000254995
                 600           0.0517774           0.0497585         0.000254593
                 601            0.055482            0.049768         0.000254347
                 602           0.0578763           0.0497815         0.000254281
                 603           0.0529124           0.0497867         0.000253912
                 604            0.050253           0.0497875         0.000253493
                 605           0.0477119            0.049784         0.000253097
                 606           0.0507294           0.0497856         0.000252684
                 607           0.0576093           0.0497985         0.000252597
                 608           0.0487676           0.0497968         0.000252187
                 609           0.0454819           0.0497897         0.000251872
                 610           0.0589397           0.0498047         0.000251906
                 611           0.0559312           0.0498147         0.000251693
                 612           0.0450814            0.049807           0.0002514
                 613           0.0403565           0.0497916         0.000251463
                 614           0.0534152           0.0497975         0.000251122
                 615           0.0496743           0.0497973         0.000250714
                 616           0.0514134           0.0497999         0.000250321
                 617           0.0552945           0.0498088         0.000250073
                 618           0.0464454           0.0498034         0.000249728
                 619           0.0456151           0.0497966         0.000249416
                 620           0.0493987            0.049796         0.000249015
                 621           0.0482093           0.0497934         0.000248627
                 622           0.0502541           0.0497941         0.000248228
                 623           0.0480992           0.0497914         0.000247845
                 624           0.0546658           0.0497992         0.000247571
                 625           0.0679069           0.0498282         0.000248864
                 626           0.0675921           0.0498566         0.000250079
                 627           0.0444814            0.049848         0.000249827
                 628           0.0425687           0.0498364         0.000249698
                 629           0.0507216           0.0498378         0.000249305
                 630           0.0491439           0.0498367         0.000248912
                 631           0.0600615           0.0498529         0.000249044
                 632           0.0506639           0.0498542         0.000248653
                 633           0.0494372           0.0498536         0.000248261
                 634           0.0498711           0.0498536          0.00024787
                 635           0.0452078           0.0498463         0.000247587
                 636           0.0483725            0.049844         0.000247209
                 637           0.0550397           0.0498521         0.000246955
                 638           0.0523298            0.049856         0.000246599
                 639           0.0577162           0.0498683          0.00024652
                 640           0.0518406           0.0498714         0.000246154
                 641           0.0500985           0.0498717          0.00024577
                 642            0.043473           0.0498618         0.000245589
                 643           0.0478362           0.0498586         0.000245227
                 644           0.0528071           0.0498632         0.000244889
                 645           0.0619385           0.0498819         0.000245224
                 646           0.0636981           0.0499033         0.000245775
                 647            0.056056           0.0499128          0.00024558
                 648           0.0457275           0.0499063         0.000245285
                 649           0.0469378           0.0499018          0.00024495
                 650           0.0494873           0.0499011         0.000244574
                 651           0.0538246           0.0499072         0.000244273
                 652           0.0466031           0.0499021         0.000243951
                 653           0.0501865           0.0499025         0.000243577
                 654           0.0528027            0.049907         0.000243245
                 655           0.0478517           0.0499038         0.000242894
                 656           0.0524138           0.0499077         0.000242554
                 657           0.0563156           0.0499174         0.000242381
                 658           0.0514974           0.0499198         0.000242024
                 659           0.0436031           0.0499102         0.000241847
                 660            0.049369           0.0499094         0.000241482
                 661           0.0433833           0.0498995         0.000241318
                 662           0.0567265           0.0499098         0.000241174
                 663           0.0557916           0.0499187         0.000240973
                 664           0.0474463            0.049915         0.000240639
                 665           0.0413463           0.0499021         0.000240622
                 666           0.0452425           0.0498951         0.000240362
                 667           0.0471547            0.049891         0.000240037
                 668           0.0456053           0.0498846         0.000239764
                 669           0.0521693            0.049888          0.00023943
                 670           0.0542157           0.0498945         0.000239159
                 671           0.0492515           0.0498935         0.000238805
                 672            0.042963           0.0498832         0.000238672
                 673           0.0437084            0.049874         0.000238494
                 674            0.044954           0.0498667         0.000238252
                 675           0.0453558             0.04986         0.000237992
                 676           0.0398507           0.0498452           0.0002381
                 677           0.0437149           0.0498362         0.000237921
                 678            0.040207            0.049822         0.000237993
                 679           0.0476418           0.0498188         0.000237665
                 680           0.0451394           0.0498119         0.000237415
                 681           0.0467261           0.0498073         0.000237109
                 682           0.0418956           0.0497957         0.000237045
                 683           0.0474898           0.0497924         0.000236722
                 684           0.0380817           0.0497752         0.000236994
                 685            0.041474           0.0497631         0.000236958
                 686           0.0464122           0.0497582         0.000236663
                 687           0.0531022           0.0497631         0.000236369
                 688           0.0544442           0.0497699         0.000236123
                 689           0.0477801            0.049767         0.000235798
                 690           0.0424326           0.0497564         0.000235696
                 691           0.0483727           0.0497544         0.000235363
                 692           0.0553966           0.0497625         0.000235164
                 693           0.0553467           0.0497706         0.000234963
                 694           0.0456976           0.0497647         0.000234697
                 695           0.0392318           0.0497496         0.000234849
                 696           0.0376065           0.0497321         0.000235158
                 697           0.0432854           0.0497229         0.000235003
                 698             0.04998           0.0497233         0.000234666
                 699           0.0514611           0.0497257         0.000234344
                 700            0.056846           0.0497359          0.00023423
                 701           0.0579033           0.0497476         0.000234185
                 702           0.0486965           0.0497461         0.000233856
                 703           0.0468292           0.0497419          0.00023356
                 704           0.0541317           0.0497482         0.000233312
                 705           0.0497428           0.0497481         0.000232981
                 706           0.0494933           0.0497478         0.000232651
                 707           0.0484714            0.049746         0.000232329
                 708           0.0598808           0.0497603         0.000232442
                 709           0.0523994            0.049764         0.000232144
                 710           0.0517302           0.0497668         0.000231833
                 711           0.0482534           0.0497647         0.000231517
                 712           0.0423692           0.0497543         0.000231425
                 713              0.0514           0.0497566         0.000231112
                 714            0.055069            0.049764         0.000230908
                 715           0.0473136           0.0497606          0.00023061
                 716           0.0609167           0.0497762         0.000230814
                 717           0.0447627           0.0497692         0.000230598
                 718           0.0462463           0.0497643         0.000230329
                 719           0.0504589           0.0497652          0.00023001
                 720           0.0522324           0.0497687         0.000229716
                 721           0.0545872           0.0497753         0.000229495
                 722           0.0551192           0.0497827         0.000229297
                 723           0.0429838           0.0497733         0.000229172
                 724           0.0477905           0.0497706         0.000228872
                 725           0.0467804           0.0497665         0.000228593
                 726           0.0504619           0.0497674         0.000228281
                 727           0.0501902            0.049768         0.000227967
                 728           0.0487808           0.0497667         0.000227658
                 729           0.0399891           0.0497533         0.000227741
                 730           0.0415394            0.049742         0.000227706
                 731           0.0478317           0.0497394          0.00022741
                 732           0.0511586           0.0497413         0.000227108
                 733            0.045716           0.0497358         0.000226864
                 734           0.0503862           0.0497367         0.000226557
                 735           0.0568826           0.0497464         0.000226457
                 736            0.047133           0.0497429         0.000226177
                 737           0.0477989           0.0497403         0.000225886
                 738           0.0441275           0.0497326         0.000225708
                 739           0.0628575           0.0497504           0.0002261
                 740           0.0621684           0.0497672         0.000226416
                 741           0.0456696           0.0497617         0.000226178
                 742           0.0502039           0.0497623         0.000225874
                 743            0.047752           0.0497596         0.000225586
                 744           0.0407863           0.0497475         0.000225605
                 745           0.0517192           0.0497501         0.000225318
                 746           0.0532781           0.0497549         0.000225066
                 747           0.0553652           0.0497624          0.00022489
                 748            0.046405           0.0497579         0.000224634
                 749           0.0552579           0.0497652         0.000224454
                 750           0.0578877           0.0497761         0.000224416
                 751           0.0402558           0.0497634         0.000224475
                 752           0.0474983           0.0497604         0.000224196
                 753           0.0515201           0.0497627         0.000223911
                 754           0.0532053           0.0497673          0.00022366
                 755           0.0548546            0.049774         0.000223466
                 756           0.0504419           0.0497749         0.000223172
                 757           0.0448934           0.0497684          0.00022297
                 758           0.0436763           0.0497604         0.000222821
                 759           0.0440982            0.049753         0.000222652
                 760           0.0422044            0.049743          0.00022258
                 761           0.0601322           0.0497567         0.000222706
                 762           0.0539945           0.0497622         0.000222483
                 763           0.0509756           0.0497638         0.000222197
                 764           0.0503929           0.0497646         0.000221908
                 765           0.0496051           0.0497644         0.000221618
                 766           0.0485056           0.0497628         0.000221335
                 767            0.047424           0.0497597         0.000221067
                 768           0.0518307           0.0497624         0.000220796
                 769           0.0559073           0.0497704         0.000220653
                 770            0.051599           0.0497728          0.00022038
                 771           0.0522339            0.049776         0.000220117
                 772           0.0483581           0.0497742         0.000219839
                 773           0.0684111           0.0497983         0.000220873
                 774           0.0501054           0.0497987         0.000220588
                 775           0.0484444           0.0497969          0.00022031
                 776           0.0493662           0.0497964         0.000220027
                 777           0.0477693           0.0497938          0.00021976
                 778           0.0486026           0.0497922         0.000219482
                 779           0.0465704           0.0497881          0.00021924
                 780           0.0446254           0.0497815         0.000219058
                 781           0.0401736           0.0497692         0.000219123
                 782           0.0467726           0.0497653         0.000218876
                 783           0.0550603           0.0497721         0.000218701
                 784           0.0535642           0.0497769         0.000218476
                 785           0.0550317           0.0497836           0.0002183
                 786           0.0472871           0.0497805         0.000218045
                 787           0.0371138           0.0497644         0.000218362
                 788           0.0406729           0.0497528         0.000218389
                 789           0.0574505           0.0497626          0.00021833
                 790           0.0511079           0.0497643          0.00021806
                 791           0.0572774           0.0497738         0.000217991
                 792           0.0496343           0.0497736         0.000217716
                 793           0.0559178           0.0497814          0.00021758
                 794           0.0545748           0.0497874         0.000217389
                 795           0.0442367           0.0497804         0.000217228
                 796           0.0575992           0.0497902         0.000217177
                 797           0.0452197           0.0497845          0.00021698
                 798           0.0398316            0.049772         0.000217066
                 799           0.0454026           0.0497666         0.000216864
                 800           0.0466658           0.0497627         0.000216627
                 801           0.0402216           0.0497508         0.000216684
                 802           0.0402112           0.0497389          0.00021674
                 803            0.038567            0.049725         0.000216916
                 804           0.0452593           0.0497194         0.000216717
                 805           0.0472702           0.0497164          0.00021647
                 806           0.0529516           0.0497204         0.000216238
                 807           0.0527636           0.0497241         0.000216003
                 808            0.058179           0.0497346         0.000215989
                 809           0.0450163           0.0497288         0.000215801
                 810           0.0487137           0.0497275         0.000215538
                 811           0.0598404             0.04974         0.000215633
                 812           0.0565411           0.0497484          0.00021553
                 813           0.0561216           0.0497562         0.000215407
                 814           0.0587223           0.0497672         0.000215424
                 815           0.0442926           0.0497605         0.000215264
                 816            0.041583           0.0497505         0.000215234
                 817           0.0386128           0.0497369         0.000215402
                 818           0.0453457           0.0497315         0.000215205
                 819           0.0536786           0.0497363         0.000214996
                 820           0.0527571             0.04974         0.000214766
                 821           0.0528239           0.0497437         0.000214537
                 822           0.0473684           0.0497409         0.000214295
                 823           0.0587329           0.0497518         0.000214313
                 824           0.0510269           0.0497533         0.000214059
                 825           0.0653935           0.0497723         0.000214637
                 826           0.0442297           0.0497656         0.000214482
                 827           0.0481956           0.0497637         0.000214231
                 828           0.0524649           0.0497669         0.000213997
                 829           0.0556978           0.0497741         0.000213859
                 830           0.0608711           0.0497875         0.000214019
                 831           0.0510341            0.049789         0.000213766
                 832           0.0401036           0.0497773         0.000213826
                 833           0.0525274           0.0497806         0.000213595
                 834           0.0574036           0.0497898         0.000213534
                 835            0.055437           0.0497965         0.000213386
                 836           0.0481543           0.0497946          0.00021314
                 837            0.051196           0.0497962         0.000212891
                 838           0.0472044           0.0497931          0.00021266
                 839           0.0409606           0.0497826         0.000212667
                 840           0.0428101           0.0497743         0.000212576
                 841           0.0537139            0.049779         0.000212374
                 842           0.0556356            0.049786         0.000212236
                 843           0.0448757           0.0497801         0.000212064
                 844           0.0461856           0.0497759         0.000211856
                 845           0.0416903           0.0497663         0.000211821
                 846           0.0444062             0.04976         0.000211665
                 847           0.0482418           0.0497582         0.000211423
                 848           0.0432557           0.0497505         0.000211313
                 849            0.049037           0.0497497         0.000211065
                 850           0.0446717           0.0497437         0.000210902
                 851           0.0573487           0.0497526         0.000210843
                 852           0.0503049           0.0497533         0.000210597
                 853           0.0487138           0.0497521         0.000210353
                 854           0.0382863           0.0497386         0.000210535
                 855            0.051313           0.0497405         0.000210297
                 856           0.0523037           0.0497435         0.000210072
                 857           0.0595808            0.049755         0.000210141
                 858            0.051693           0.0497572         0.000209908
                 859           0.0534831           0.0497615         0.000209708
                 860           0.0631412           0.0497771         0.000210041
                 861           0.0545344           0.0497826          0.00020987
                 862           0.0403876           0.0497717         0.000209909
                 863           0.0496098           0.0497715         0.000209666
                 864           0.0520162           0.0497741         0.000209439
                 865           0.0402567           0.0497631         0.000209486
                 866            0.049865           0.0497633         0.000209244
                 867           0.0524591           0.0497664         0.000209026
                 868           0.0636016           0.0497823         0.000209392
                 869           0.0518259           0.0497847         0.000209164
                 870           0.0494059           0.0497842         0.000208924
                 871           0.0550166           0.0497902         0.000208771
                 872           0.0496706           0.0497901         0.000208531
                 873           0.0486047           0.0497887         0.000208297
                 874           0.0493455           0.0497882         0.000208059
                 875           0.0507674           0.0497893         0.000207824
                 876           0.0467679           0.0497859         0.000207616
                 877            0.053257           0.0497899         0.000207417
                 878           0.0495359           0.0497896         0.000207181
                 879           0.0490974           0.0497888         0.000206946
                 880           0.0465204           0.0497851         0.000206745
                 881           0.0544666           0.0497904         0.000206578
                 882           0.0442914           0.0497841         0.000206438
                 883           0.0496156            0.049784         0.000206204
                 884           0.0575529           0.0497927         0.000206158
                 885           0.0515465           0.0497947         0.000205935
                 886           0.0535593            0.049799         0.000205746
                 887           0.0570325           0.0498071         0.000205676
                 888            0.050855           0.0498083         0.000205448
                 889           0.0513995           0.0498101         0.000205224
                 890           0.0525579           0.0498132         0.000205017
                 891           0.0427387           0.0498052          0.00020494
                 892           0.0482175           0.0498035         0.000204718
                 893            0.052976            0.049807          0.00020452
                 894           0.0449336           0.0498016         0.000204364
                 895            0.048562           0.0498002          0.00020414
                 896           0.0646462           0.0498167         0.000204584
                 897           0.0429347           0.0498091         0.000204499
                 898           0.0424044           0.0498008         0.000204438
                 899           0.0381335           0.0497879         0.000204622
                 900           0.0372679           0.0497739         0.000204867
                 901           0.0446783           0.0497683         0.000204718
                 902           0.0490708           0.0497675         0.000204492
                 903           0.0472487           0.0497647         0.000204285
                 904           0.0457081           0.0497602         0.000204108
                 905           0.0534113           0.0497643         0.000203922
                 906           0.0549884             0.04977         0.000203779
                 907            0.049208           0.0497694         0.000203555
                 908           0.0498099           0.0497695         0.000203331
                 909           0.0438099           0.0497629         0.000203213
                 910           0.0478044           0.0497608         0.000203001
                 911           0.0512322           0.0497624         0.000202785
                 912           0.0601762           0.0497738         0.000202883
                 913           0.0586672           0.0497835         0.000202895
                 914           0.0435725           0.0497767         0.000202787
                 915           0.0482056            0.049775         0.000202572
                 916           0.0561828            0.049782         0.000202472
                 917           0.0386249           0.0497698         0.000202616
                 918            0.049466           0.0497695         0.000202396
                 919           0.0473631           0.0497669         0.000202193
                 920            0.044079           0.0497607         0.000202067
                 921           0.0484646           0.0497593         0.000201853
                 922           0.0474003           0.0497567          0.00020165
                 923            0.060944           0.0497689         0.000201796
                 924           0.0542723           0.0497737         0.000201636
                 925           0.0573648           0.0497819         0.000201585
                 926           0.0509721           0.0497832         0.000201371
                 927           0.0438876           0.0497769         0.000201255
                 928            0.037893           0.0497641         0.000201445
                 929           0.0457125           0.0497597         0.000201275
                 930           0.0483963           0.0497582         0.000201064
                 931           0.0445517           0.0497526         0.000200926
                 932           0.0530848           0.0497562         0.000200742
                 933           0.0564691           0.0497634         0.000200656
                 934             0.04875           0.0497623         0.000200444
                 935           0.0501417           0.0497627          0.00020023
                 936           0.0397804           0.0497521           0.0002003
                 937            0.040577           0.0497423         0.000200325
                 938           0.0480489           0.0497405          0.00020012
                 939           0.0543239           0.0497454         0.000199966
                 940           0.0561063           0.0497521         0.000199868
                 941           0.0546154           0.0497573         0.000199722
                 942           0.0476197            0.049755         0.000199523
                 943           0.0441305           0.0497491         0.000199401
                 944           0.0416422           0.0497405         0.000199374
                 945           0.0454343           0.0497359         0.000199215
                 946           0.0463743           0.0497324         0.000199037
                 947           0.0434228           0.0497257         0.000198938
                 948           0.0459742           0.0497217         0.000198767
                 949           0.0476342           0.0497195          0.00019857
                 950           0.0534767           0.0497235           0.0001984
                 951           0.0412398           0.0497146         0.000198392
                 952           0.0386421           0.0497029         0.000198525
                 953           0.0376955           0.0496903         0.000198716
                 954           0.0430846           0.0496834         0.000198628
                 955           0.0539945           0.0496879         0.000198471
                 956           0.0622221            0.049701         0.000198696
                 957           0.0470082           0.0496982         0.000198509
                 958             0.04551           0.0496939         0.000198349
                 959           0.0371769           0.0496808         0.000198572
                 960           0.0394665           0.0496702          0.00019865
                 961           0.0469632           0.0496674         0.000198463
                 962           0.0535956           0.0496714         0.000198299
                 963           0.0515047           0.0496733         0.000198102
                 964           0.0590462           0.0496831         0.000198135
                 965           0.0510125           0.0496844         0.000197934
                 966           0.0454537           0.0496801         0.000197778
                 967           0.0526302           0.0496831         0.000197597
                 968           0.0584488           0.0496922           0.0001976
                 969           0.0443963           0.0496867         0.000197472
                 970           0.0448125           0.0496817         0.000197332
                 971           0.0617275           0.0496941         0.000197518
                 972           0.0514097           0.0496958         0.000197323
                 973           0.0473054           0.0496934         0.000197136
                 974           0.0669861           0.0497111         0.000197731
                 975            0.053422           0.0497149         0.000197565
                 976           0.0532855           0.0497186         0.000197396
                 977           0.0529961            0.049722         0.000197223
                 978            0.045111           0.0497172         0.000197077
                 979           0.0439629           0.0497114         0.000196964
                 980           0.0553525           0.0497171         0.000196847
                 981           0.0550336           0.0497225         0.000196721
                 982           0.0483352           0.0497211         0.000196526
                 983           0.0557611           0.0497273         0.000196422
                 984            0.055836           0.0497335          0.00019632
                 985           0.0620374            0.049746         0.000196518
                 986           0.0427933           0.0497389         0.000196445
                 987           0.0367708           0.0497258         0.000196685
                 988           0.0471179           0.0497231         0.000196503
                 989           0.0478388           0.0497212         0.000196314
                 990           0.0397325           0.0497112         0.000196375
                 991           0.0533391           0.0497148         0.000196211
                 992           0.0619854           0.0497272         0.000196403
                 993           0.0512195           0.0497287          0.00019621
                 994           0.0442962           0.0497232         0.000196089
                 995           0.0446383           0.0497181         0.000195959
                 996           0.0408125           0.0497092         0.000195966
                 997           0.0416131            0.049701         0.000195937
                 998           0.0474567           0.0496988         0.000195754
                 999           0.0565527           0.0497057         0.000195678
                1000           0.0544998           0.0497105         0.000195541
