                   1            0.960189            0.960189                   0
                   2            0.961455            0.960822         0.000447523
                   3            0.964384            0.962009          0.00101424
                   4            0.969859            0.963972          0.00186202
                   5            0.979801            0.967138          0.00319959
                   6            0.997907            0.972266          0.00538752
                   7             1.02933            0.980417          0.00884761
                   8             1.04982            0.989093           0.0112155
                   9             1.09789             1.00118           0.0151418
                  10             1.10763             1.01183           0.0169616
                  11             1.12719             1.02231            0.018378
                  12             1.13962             1.03209           0.0192717
                  13             1.13605             1.04009           0.0193775
                  14             1.12829             1.04639             0.01899
                  15             1.15124             1.05338            0.018967
                  16               1.152             1.05954           0.0187565
                  17             1.17527             1.06635            0.018848
                  18              1.1695             1.07208           0.0186517
                  19             1.17031             1.07725           0.0183727
                  20             1.17036              1.0819           0.0180343
                  21             1.15697             1.08548           0.0175262
                  22             1.16052             1.08889           0.0170583
                  23             1.14766             1.09144           0.0165068
                  24             1.14426             1.09365           0.0159651
                  25             1.14086             1.09553           0.0154378
                  26             1.15599             1.09786           0.0150181
                  27             1.15566                 1.1           0.0146137
                  28             1.16452              1.1023           0.0142723
                  29             1.17385             1.10477           0.0139918
                  30             1.16965             1.10693           0.0136915
                  31             1.16953             1.10895           0.0133979
                  32             1.16707             1.11077           0.0131017
                  33             1.16181             1.11232           0.0127956
                  34             1.18615             1.11449           0.0126022
                  35             1.17049             1.11609           0.0123433
                  36              1.1785             1.11782           0.0121215
                  37             1.16345             1.11905           0.0118565
                  38             1.16823             1.12035           0.0116149
                  39             1.17166             1.12166           0.0113913
                  40             1.14449             1.12223           0.0111208
                  41              1.1506             1.12293           0.0108711
                  42             1.15311             1.12364            0.010636
                  43              1.1603              1.1245           0.0104227
                  44              1.1478             1.12503           0.0101993
                  45             1.16767             1.12597           0.0100166
                  46             1.15224             1.12655          0.00981511
                  47             1.15277              1.1271          0.00962211
                  48             1.16257             1.12784          0.00944998
                  49             1.18514             1.12901          0.00932918
                  50             1.19483             1.13033          0.00923502
                  51              1.1873             1.13145          0.00912125
                  52             1.19106             1.13259          0.00901761
                  53             1.20807             1.13402          0.00895922
                  54             1.19906             1.13522          0.00887392
                  55             1.16693              1.1358          0.00873129
                  56             1.19077             1.13678          0.00863037
                  57             1.15265             1.13706          0.00848345
                  58             1.18825             1.13794          0.00838298
                  59               1.156             1.13825          0.00824648
                  60             1.15874             1.13859          0.00811611
                  61             1.16486             1.13902          0.00799447
                  62             1.15633              1.1393           0.0078704
                  63             1.15503             1.13955          0.00774944
                  64             1.16657             1.13997          0.00763985
                  65             1.15566             1.14021          0.00752612
                  66              1.1726              1.1407          0.00742807
                  67             1.17348             1.14119          0.00733331
                  68             1.16836             1.14159          0.00723634
                  69              1.1698               1.142            0.007143
                  70             1.18204             1.14257          0.00706383
                  71             1.18989             1.14324           0.0069957
                  72             1.20272             1.14406          0.00694716
                  73             1.18175             1.14458          0.00687115
                  74             1.20898             1.14545          0.00683318
                  75             1.22047             1.14645          0.00681488
                  76             1.17206             1.14679          0.00673353
                  77             1.20647             1.14756          0.00669054
                  78              1.1997             1.14823          0.00663807
                  79             1.19722             1.14885          0.00658294
                  80             1.18779             1.14934          0.00651863
                  81             1.20525             1.15003          0.00647459
                  82             1.21723             1.15085           0.0064473
                  83             1.19359             1.15136          0.00639015
                  84             1.19115             1.15184           0.0063316
                  85             1.19685             1.15237          0.00627922
                  86             1.19745             1.15289          0.00622805
                  87             1.19125             1.15333          0.00617206
                  88             1.21732             1.15406          0.00614461
                  89             1.21582             1.15475          0.00611463
                  90             1.23307             1.15562           0.0061083
                  91             1.24976             1.15666          0.00612815
                  92             1.23388              1.1575          0.00611876
                  93             1.25869             1.15858          0.00614897
                  94             1.23201             1.15937          0.00613297
                  95             1.26918             1.16052          0.00617639
                  96             1.26167             1.16158          0.00620127
                  97              1.2712             1.16271          0.00623948
                  98             1.26928             1.16379          0.00626985
                  99             1.26607             1.16483          0.00629107
                 100             1.27214              1.1659          0.00631902
                 101             1.25026             1.16673          0.00631141
                 102             1.25381             1.16759          0.00630701
                 103             1.26052             1.16849          0.00630998
                 104             1.23922             1.16917          0.00628586
                 105             1.23991             1.16984          0.00626199
                 106             1.21491             1.17027          0.00621733
                 107             1.22028             1.17074          0.00617677
                 108             1.22105              1.1712          0.00613712
                 109             1.22167             1.17167          0.00609826
                 110             1.23661             1.17226          0.00607133
                 111             1.23497             1.17282          0.00604286
                 112             1.24542             1.17347          0.00602358
                 113             1.24656             1.17412          0.00600491
                 114             1.25521             1.17483          0.00599422
                 115             1.23964             1.17539          0.00596853
                 116             1.23549             1.17591          0.00593952
                 117             1.23538             1.17642          0.00591046
                 118              1.2389             1.17695          0.00588404
                 119             1.22003             1.17731          0.00584573
                 120             1.23429             1.17778          0.00581627
                 121             1.21996             1.17813          0.00577864
                 122             1.20261             1.17833          0.00573475
                 123             1.20166             1.17852          0.00569126
                 124             1.19522             1.17866          0.00564696
                 125              1.2055             1.17887          0.00560587
                 126             1.19696             1.17902          0.00556321
                 127             1.19337             1.17913          0.00552056
                 128             1.20681             1.17934          0.00548166
                 129             1.20301             1.17953          0.00544224
                 130             1.21873             1.17983          0.00540872
                 131             1.22166             1.18015          0.00537685
                 132             1.23334             1.18055           0.0053512
                 133             1.23988               1.181          0.00532952
                 134             1.22819             1.18135          0.00530137
                 135             1.22485             1.18167          0.00527188
                 136              1.2166             1.18193          0.00523937
                 137             1.23033             1.18228          0.00521303
                 138             1.22756             1.18261          0.00518556
                 139             1.21349             1.18283          0.00515301
                 140             1.22823             1.18316           0.0051264
                 141             1.20571             1.18332          0.00509254
                 142             1.20247             1.18345          0.00505846
                 143             1.20315             1.18359          0.00502496
                 144             1.18315             1.18359          0.00499007
                 145              1.1852              1.1836          0.00495566
                 146             1.17854             1.18356          0.00492184
                 147             1.17568             1.18351          0.00488865
                 148             1.18806             1.18354          0.00485572
                 149             1.18282             1.18354          0.00482313
                 150             1.19093             1.18358          0.00479123
                 151              1.1932             1.18365          0.00475992
                 152              1.1903             1.18369          0.00472881
                 153             1.18679             1.18371          0.00469795
                 154             1.19374             1.18378          0.00466789
                 155             1.18879             1.18381          0.00463789
                 156              1.1806             1.18379           0.0046082
                 157             1.19476             1.18386          0.00457938
                 158             1.19578             1.18393          0.00455102
                 159             1.19769             1.18402          0.00452322
                 160              1.1839             1.18402          0.00449495
                 161             1.18861             1.18405          0.00446712
                 162             1.18761             1.18407           0.0044396
                 163             1.19351             1.18413          0.00441274
                 164             1.18808             1.18415           0.0043859
                 165             1.17809             1.18412          0.00435947
                 166             1.17548             1.18406          0.00433352
                 167             1.19021              1.1841          0.00430773
                 168             1.19603             1.18417          0.00428267
                 169             1.20036             1.18427           0.0042584
                 170             1.20137             1.18437          0.00423454
                 171             1.21412             1.18454          0.00421335
                 172             1.21597             1.18472          0.00419281
                 173             1.22312             1.18495          0.00417445
                 174             1.21398             1.18511          0.00415379
                 175             1.21292             1.18527          0.00413309
                 176             1.20206             1.18537          0.00411071
                 177             1.17962             1.18534          0.00408761
                 178             1.17599             1.18528          0.00406499
                 179             1.17163             1.18521          0.00404299
                 180             1.18787             1.18522          0.00402056
                 181             1.17074             1.18514          0.00399914
                 182             1.18314             1.18513          0.00397718
                 183                1.19             1.18516          0.00395554
                 184              1.1873             1.18517          0.00393406
                 185             1.17695             1.18512          0.00391304
                 186             1.19939              1.1852          0.00389276
                 187             1.17289             1.18514           0.0038725
                 188             1.16672             1.18504          0.00385314
                 189             1.16819             1.18495          0.00383378
                 190             1.16524             1.18484          0.00381501
                 191             1.16916             1.18476          0.00379592
                 192             1.17398             1.18471          0.00377656
                 193             1.18272              1.1847          0.00375701
                 194             1.19164             1.18473          0.00373781
                 195             1.20497             1.18484          0.00372009
                 196             1.21075             1.18497          0.00370345
                 197              1.2008             1.18505          0.00368553
                 198             1.21047             1.18518          0.00366915
                 199             1.20331             1.18527          0.00365184
                 200             1.20356             1.18536          0.00363473
                 201             1.20861             1.18547          0.00361849
                 202             1.19986             1.18555          0.00360127
                 203             1.18295             1.18553          0.00358356
                 204              1.1732             1.18547           0.0035665
                 205             1.17275             1.18541          0.00354964
                 206             1.17701             1.18537          0.00353265
                 207             1.17333             1.18531          0.00351606
                 208             1.20032             1.18538          0.00349989
                 209             1.21023              1.1855          0.00348517
                 210             1.18914             1.18552          0.00346861
                 211              1.2072             1.18562           0.0034537
                 212               1.204             1.18571          0.00343849
                 213             1.18789             1.18572          0.00342237
                 214             1.16669             1.18563          0.00340753
                 215             1.17416             1.18558           0.0033921
                 216             1.16564             1.18549          0.00337765
                 217               1.186             1.18549          0.00336209
                 218              1.1865             1.18549          0.00334667
                 219             1.19054             1.18552          0.00333146
                 220             1.17249             1.18546          0.00331685
                 221             1.17943             1.18543          0.00330195
                 222             1.16921             1.18536          0.00328788
                 223             1.18444             1.18535          0.00327314
                 224             1.18238             1.18534          0.00325856
                 225             1.18734             1.18535          0.00324409
                 226             1.20071             1.18542          0.00323045
                 227             1.21195             1.18553          0.00321833
                 228             1.19606             1.18558          0.00320454
                 229               1.195             1.18562          0.00319082
                 230             1.18968             1.18564          0.00317699
                 231             1.20254             1.18571          0.00316408
                 232             1.20053             1.18577          0.00315109
                 233             1.19885             1.18583          0.00313806
                 234             1.20541             1.18591          0.00312577
                 235             1.21425             1.18603          0.00311479
                 236             1.21336             1.18615          0.00310375
                 237             1.22013             1.18629          0.00309396
                 238             1.21515             1.18641          0.00308333
                 239             1.21249             1.18652          0.00307236
                 240             1.18303             1.18651          0.00305959
                 241             1.18385              1.1865          0.00304692
                 242             1.17988             1.18647          0.00303445
                 243             1.15912             1.18636          0.00302405
                 244             1.17208              1.1863          0.00301222
                 245             1.13715              1.1861           0.0030066
                 246             1.15484             1.18597          0.00299706
                 247             1.15147             1.18583          0.00298818
                 248             1.14831             1.18568          0.00297996
                 249              1.1423             1.18551          0.00297308
                 250              1.1567             1.18539          0.00296342
                 251             1.15368             1.18527          0.00295431
                 252             1.15169             1.18513          0.00294559
                 253             1.13491             1.18493          0.00294063
                 254             1.14867             1.18479          0.00293251
                 255             1.14947             1.18465          0.00292428
                 256             1.15383             1.18453          0.00291534
                 257             1.14024             1.18436          0.00290908
                 258             1.16083             1.18427          0.00289924
                 259             1.15325             1.18415          0.00289052
                 260             1.15315             1.18403          0.00288186
                 261             1.14574             1.18388          0.00287454
                 262             1.15036             1.18375          0.00286642
                 263             1.14683             1.18361          0.00285896
                 264             1.15248              1.1835          0.00285056
                 265             1.14396             1.18335           0.0028437
                 266             1.17987             1.18333          0.00283304
                 267             1.15624             1.18323          0.00282425
                 268             1.15377             1.18312          0.00281585
                 269             1.15721             1.18303          0.00280703
                 270             1.16631             1.18296          0.00279732
                 271             1.15946             1.18288          0.00278834
                 272             1.18381             1.18288          0.00277809
                 273             1.14425             1.18274          0.00277151
                 274              1.1771             1.18272          0.00276148
                 275             1.18234             1.18272          0.00275143
                 276               1.175             1.18269          0.00274161
                 277              1.1651             1.18263          0.00273245
                 278             1.17164             1.18259           0.0027229
                 279             1.17793             1.18257          0.00271319
                 280              1.1762             1.18255           0.0027036
                 281             1.18604             1.18256          0.00269401
                 282             1.17346             1.18253          0.00268465
                 283             1.18985             1.18255          0.00267528
                 284             1.17853             1.18254           0.0026659
                 285             1.15458             1.18244          0.00265835
                 286             1.15859             1.18236          0.00265036
                 287              1.1544             1.18226          0.00264292
                 288             1.15269             1.18216          0.00263574
                 289             1.17245             1.18212          0.00262683
                 290             1.18001             1.18212          0.00261778
                 291             1.18199             1.18212          0.00260879
                 292             1.19704             1.18217          0.00260035
                 293             1.19465             1.18221          0.00259183
                 294             1.20705             1.18229          0.00258439
                 295             1.20004             1.18235          0.00257633
                 296             1.20496             1.18243          0.00256876
                 297               1.192             1.18246          0.00256031
                 298             1.17892             1.18245          0.00255174
                 299               1.193             1.18249          0.00254345
                 300             1.17489             1.18246           0.0025351
                 301              1.1779             1.18245          0.00252672
                 302             1.17772             1.18243          0.00251841
                 303             1.16902             1.18239          0.00251048
                 304             1.18747              1.1824          0.00250228
                 305             1.19877             1.18246          0.00249465
                 306             1.21558             1.18257          0.00248885
                 307             1.22257              1.1827          0.00248415
                 308             1.22054             1.18282          0.00247912
                 309             1.23848               1.183          0.00247763
                 310             1.20443             1.18307          0.00247061
                 311              1.2286             1.18321            0.002467
                 312              1.1982             1.18326          0.00245956
                 313             1.19434              1.1833          0.00245195
                 314             1.19668             1.18334          0.00244451
                 315             1.17523             1.18331          0.00243689
                 316              1.1818             1.18331          0.00242918
                 317             1.17371             1.18328          0.00242171
                 318             1.15725              1.1832          0.00241548
                 319             1.17715             1.18318          0.00240798
                 320             1.15347             1.18309          0.00240224
                 321             1.16549             1.18303          0.00239538
                 322              1.1644             1.18297          0.00238864
                 323             1.16599             1.18292          0.00238183
                 324             1.14719             1.18281          0.00237703
                 325             1.15568             1.18273          0.00237118
                 326             1.14445             1.18261          0.00236681
                 327             1.15595             1.18253          0.00236098
                 328             1.16832             1.18248          0.00235417
                 329             1.17764             1.18247          0.00234707
                 330             1.18106             1.18247          0.00233996
                 331             1.18574             1.18248          0.00233291
                 332             1.18287             1.18248          0.00232588
                 333             1.18548             1.18249          0.00231891
                 334             1.18279             1.18249          0.00231197
                 335             1.18822              1.1825          0.00230513
                 336             1.15726             1.18243           0.0022995
                 337             1.17141              1.1824          0.00229291
                 338               1.153             1.18231          0.00228777
                 339             1.15341             1.18222          0.00228261
                 340             1.17485              1.1822            0.002276
                 341             1.18041              1.1822          0.00226933
                 342               1.185              1.1822          0.00226271
                 343             1.20536             1.18227          0.00225712
                 344             1.21723             1.18237          0.00225285
                 345             1.19287              1.1824          0.00224652
                 346             1.19236             1.18243          0.00224021
                 347             1.18266             1.18243          0.00223376
                 348             1.17909             1.18242          0.00222736
                 349             1.18666             1.18244          0.00222101
                 350             1.17764             1.18242          0.00221471
                 351             1.19879             1.18247          0.00220889
                 352             1.18978             1.18249          0.00220271
                 353             1.17838             1.18248           0.0021965
                 354             1.16373             1.18243          0.00219093
                 355             1.15947             1.18236          0.00218572
                 356             1.15728             1.18229          0.00218071
                 357             1.15517             1.18221          0.00217593
                 358             1.15224             1.18213          0.00217146
                 359             1.14909             1.18204          0.00216736
                 360             1.14092             1.18192          0.00216435
                 361             1.15148             1.18184          0.00215999
                 362             1.16522             1.18179          0.00215452
                 363             1.18288              1.1818          0.00214858
                 364             1.19318             1.18183          0.00214291
                 365             1.20243             1.18188          0.00213778
                 366             1.19228             1.18191          0.00213213
                 367                1.17             1.18188          0.00212656
                 368              1.1771             1.18187          0.00212083
                 369             1.17269             1.18184          0.00211522
                 370             1.17615             1.18183          0.00210956
                 371             1.17387             1.18181          0.00210399
                 372             1.15912             1.18174          0.00209921
                 373             1.16989             1.18171          0.00209383
                 374             1.16241             1.18166          0.00208886
                 375             1.16655             1.18162          0.00208368
                 376             1.15413             1.18155          0.00207942
                 377             1.14962             1.18146          0.00207563
                 378              1.1472             1.18137          0.00207212
                 379             1.15216              1.1813          0.00206808
                 380             1.16928             1.18126          0.00206288
                 381             1.16941             1.18123           0.0020577
                 382             1.13934             1.18112          0.00205524
                 383             1.17376              1.1811          0.00204996
                 384             1.15214             1.18103          0.00204601
                 385             1.17175               1.181          0.00204084
                 386             1.17689             1.18099          0.00203558
                 387             1.19101             1.18102          0.00203048
                 388             1.17831             1.18101          0.00202526
                 389             1.18842             1.18103          0.00202014
                 390             1.18566             1.18104            0.002015
                 391             1.18992             1.18107          0.00200997
                 392             1.20063             1.18112          0.00200546
                 393             1.21787             1.18121          0.00200254
                 394             1.20157             1.18126          0.00199813
                 395              1.2242             1.18137          0.00199602
                 396             1.20771             1.18144          0.00199209
                 397             1.22601             1.18155          0.00199023
                 398             1.22975             1.18167          0.00198891
                 399             1.22129             1.18177          0.00198641
                 400             1.23912             1.18191          0.00198661
                 401             1.20537             1.18197          0.00198251
                 402             1.22165             1.18207          0.00198004
                 403             1.21209             1.18214          0.00197653
                 404             1.19753             1.18218            0.001972
                 405             1.20747             1.18224          0.00196812
                 406             1.18826             1.18226          0.00196333
                 407              1.1989              1.1823          0.00195893
                 408             1.17917             1.18229          0.00195414
                 409             1.17273             1.18227           0.0019495
                 410             1.14838             1.18219           0.0019465
                 411             1.15906             1.18213          0.00194258
                 412              1.1528             1.18206          0.00193917
                 413             1.13957             1.18196           0.0019372
                 414             1.16527             1.18192          0.00193294
                 415              1.1506             1.18184          0.00192975
                 416             1.18589             1.18185          0.00192514
                 417             1.19575             1.18188          0.00192081
                 418             1.19188             1.18191          0.00191637
                 419             1.19561             1.18194          0.00191207
                 420             1.20985             1.18201          0.00190867
                 421             1.19062             1.18203          0.00190425
                 422             1.19714             1.18206          0.00190007
                 423             1.18726             1.18208          0.00189562
                 424             1.15317             1.18201          0.00189238
                 425             1.18698             1.18202          0.00188796
                 426             1.17157             1.18199          0.00188369
                 427             1.16515             1.18196          0.00187969
                 428             1.18359             1.18196           0.0018753
                 429             1.19861               1.182          0.00187133
                 430             1.18087               1.182          0.00186698
                 431              1.1697             1.18197          0.00186287
                 432              1.1961               1.182          0.00185884
                 433             1.19029             1.18202          0.00185465
                 434              1.1846             1.18202          0.00185038
                 435             1.19706             1.18206          0.00184645
                 436             1.20213             1.18211          0.00184279
                 437             1.20272             1.18215          0.00183918
                 438             1.20672             1.18221          0.00183583
                 439             1.19585             1.18224          0.00183192
                 440             1.18524             1.18225          0.00182777
                 441             1.19968             1.18229          0.00182405
                 442             1.18114             1.18228          0.00181992
                 443             1.20424             1.18233          0.00181649
                 444             1.20555             1.18238          0.00181315
                 445              1.2069             1.18244          0.00180991
                 446             1.20161             1.18248          0.00180637
                 447             1.20323             1.18253          0.00180292
                 448             1.21991             1.18261          0.00180083
                 449              1.2203              1.1827          0.00179877
                 450             1.22601             1.18279          0.00179735
                 451             1.24803             1.18294          0.00179917
                 452             1.23746             1.18306          0.00179923
                 453             1.24993             1.18321           0.0018013
                 454              1.2431             1.18334          0.00180216
                 455             1.24372             1.18347          0.00180308
                 456             1.23427             1.18358          0.00180256
                 457             1.25105             1.18373          0.00180465
                 458             1.22223             1.18381          0.00180267
                 459             1.24026             1.18394          0.00180293
                 460             1.23342             1.18404          0.00180222
                 461             1.22414             1.18413          0.00180041
                 462              1.2138              1.1842          0.00179765
                 463             1.20661             1.18424          0.00179442
                 464             1.17679             1.18423          0.00179063
                 465             1.16934              1.1842          0.00178706
                 466              1.1724             1.18417          0.00178341
                 467             1.17515             1.18415          0.00177969
                 468             1.15855              1.1841          0.00177673
                 469             1.19425             1.18412          0.00177307
                 470             1.19711             1.18415          0.00176952
                 471             1.19634             1.18417          0.00176595
                 472             1.22183             1.18425          0.00176401
                 473              1.2084              1.1843          0.00176102
                 474             1.20832             1.18435          0.00175803
                 475             1.21579             1.18442          0.00175558
                 476             1.21251             1.18448          0.00175288
                 477             1.23309             1.18458          0.00175217
                 478             1.23264             1.18468          0.00175138
                 479             1.21595             1.18475          0.00174894
                 480             1.22769             1.18484          0.00174759
                 481             1.21863             1.18491          0.00174536
                 482             1.21183             1.18496          0.00174264
                 483             1.20355               1.185          0.00173945
                 484             1.21181             1.18506          0.00173674
                 485             1.22919             1.18515          0.00173554
                 486             1.24351             1.18527          0.00173612
                 487             1.25199              1.1854          0.00173795
                 488             1.24194             1.18552          0.00173825
                 489             1.26834             1.18569          0.00174293
                 490             1.24657             1.18581          0.00174379
                 491             1.23732             1.18592          0.00174339
                 492             1.25299             1.18605          0.00174517
                 493             1.23967             1.18616          0.00174502
                 494             1.25063             1.18629          0.00174636
                 495             1.23784              1.1864          0.00174593
                 496             1.26691             1.18656          0.00174994
                 497             1.24576             1.18668          0.00175047
                 498             1.27213             1.18685          0.00175535
                 499             1.27034             1.18702          0.00175978
                 500             1.26882             1.18718          0.00176385
                 501             1.25719             1.18732          0.00176586
                 502             1.24913             1.18744          0.00176663
                 503             1.23696             1.18754          0.00176586
                 504             1.24317             1.18765           0.0017658
                 505             1.24296             1.18776          0.00176569
                 506             1.23143             1.18785          0.00176431
                 507             1.23568             1.18794          0.00176335
                 508             1.22471             1.18802          0.00176137
                 509             1.24248             1.18812          0.00176115
                 510             1.23387             1.18821          0.00175998
                 511             1.25349             1.18834          0.00176117
                 512             1.26025             1.18848          0.00176332
                 513               1.272             1.18864          0.00176738
                 514             1.26852              1.1888          0.00177076
                 515             1.24973             1.18892          0.00177127
                 516             1.24985             1.18904          0.00177177
                 517             1.25352             1.18916          0.00177273
                 518              1.2381             1.18925          0.00177182
                 519             1.22982             1.18933          0.00177013
                 520             1.22716             1.18941          0.00176822
                 521             1.23204             1.18949          0.00176672
                 522             1.24837              1.1896          0.00176693
                 523             1.25158             1.18972          0.00176753
                 524             1.25499             1.18984          0.00176854
                 525              1.2399             1.18994          0.00176774
                 526             1.24704             1.19005           0.0017677
                 527             1.24766             1.19016          0.00176773
                 528             1.24012             1.19025          0.00176691
                 529             1.23728             1.19034          0.00176581
                 530             1.24234             1.19044           0.0017652
                 531             1.24598             1.19054          0.00176497
                 532             1.26878             1.19069          0.00176777
                 533             1.28331             1.19086          0.00177297
                 534             1.27921             1.19103          0.00177735
                 535             1.29272             1.19122          0.00178417
                 536             1.28881              1.1914           0.0017901
                 537             1.27708             1.19156          0.00179387
                 538             1.28853             1.19174          0.00179956
                 539             1.30261             1.19195          0.00180794
                 540              1.3169             1.19218          0.00181934
                 541             1.30933             1.19239          0.00182882
                 542             1.27778             1.19255          0.00183222
                 543              1.2802             1.19271          0.00183594
                 544             1.26373             1.19284           0.0018372
                 545             1.25574             1.19296          0.00183745
                 546             1.24959             1.19306          0.00183701
                 547             1.22389             1.19312          0.00183452
                 548             1.23495              1.1932          0.00183276
                 549             1.22437             1.19325           0.0018303
                 550             1.22563             1.19331          0.00182792
                 551             1.21735             1.19336          0.00182512
                 552             1.23131             1.19342          0.00182311
                 553             1.23093             1.19349          0.00182107
                 554             1.22391             1.19355          0.00181861
                 555             1.23686             1.19362          0.00181701
                 556             1.23694              1.1937          0.00181541
                 557             1.24862              1.1938          0.00181483
                 558             1.27764             1.19395          0.00181778
                 559             1.24648             1.19405          0.00181696
                 560             1.28541             1.19421          0.00182102
                 561             1.27242             1.19435          0.00182311
                 562             1.26324             1.19447          0.00182398
                 563              1.2694              1.1946          0.00182559
                 564             1.26551             1.19473          0.00182668
                 565             1.26419             1.19485          0.00182758
                 566             1.27356             1.19499          0.00182963
                 567             1.28337             1.19515          0.00183303
                 568             1.28454              1.1953          0.00183655
                 569             1.25557             1.19541          0.00183637
                 570             1.25878             1.19552          0.00183651
                 571             1.26907             1.19565          0.00183781
                 572             1.26283             1.19577          0.00183834
                 573             1.25856             1.19588           0.0018384
                 574               1.276             1.19602          0.00184049
                 575             1.27002             1.19615          0.00184178
                 576             1.26538             1.19627           0.0018425
                 577             1.26467             1.19638          0.00184312
                 578              1.2564             1.19649          0.00184285
                 579             1.25831              1.1966          0.00184276
                 580              1.2485             1.19668          0.00184175
                 581               1.256             1.19679          0.00184141
                 582             1.23981             1.19686          0.00183973
                 583             1.24829             1.19695          0.00183869
                 584             1.24657             1.19703           0.0018375
                 585             1.24611             1.19712          0.00183627
                 586             1.24961             1.19721          0.00183532
                 587             1.25154              1.1973          0.00183453
                 588             1.24756             1.19739           0.0018334
                 589             1.24532             1.19747          0.00183209
                 590             1.26146             1.19758           0.0018322
                 591             1.24602             1.19766          0.00183093
                 592             1.25465             1.19775          0.00183036
                 593             1.24143             1.19783          0.00182876
                 594             1.23209             1.19788          0.00182659
                 595             1.25725             1.19798          0.00182624
                 596             1.25544             1.19808          0.00182572
                 597             1.26293             1.19819          0.00182589
                 598             1.26312              1.1983          0.00182606
                 599             1.24707             1.19838          0.00182483
                 600             1.26566             1.19849          0.00182523
                 601             1.25668             1.19859          0.00182476
                 602             1.24517             1.19867          0.00182337
                 603             1.24602             1.19874          0.00182203
                 604             1.24641             1.19882          0.00182073
                 605             1.25239             1.19891          0.00181987
                 606              1.2523               1.199            0.001819
                 607             1.24442             1.19907          0.00181754
                 608             1.25462             1.19917          0.00181684
                 609             1.26421             1.19927            0.001817
                 610             1.24024             1.19934          0.00181526
                 611             1.23302              1.1994          0.00181312
                 612             1.21858             1.19943          0.00181043
                 613             1.20838             1.19944          0.00180754
                 614             1.17866             1.19941          0.00180491
                 615             1.19264              1.1994          0.00180201
                 616             1.19897              1.1994          0.00179908
                 617             1.18479             1.19937          0.00179632
                 618              1.1918             1.19936          0.00179346
                 619             1.19517             1.19935          0.00179058
                 620             1.18955             1.19934          0.00178776
                 621             1.20138             1.19934          0.00178488
                 622             1.20942             1.19936          0.00178208
                 623             1.22999             1.19941           0.0017799
                 624             1.24615             1.19948          0.00177863
                 625             1.24636             1.19956          0.00177736
                 626             1.23052             1.19961          0.00177521
                 627             1.24312             1.19967          0.00177373
                 628             1.22949             1.19972          0.00177155
                 629             1.21743             1.19975          0.00176895
                 630             1.23484             1.19981          0.00176702
                 631             1.22126             1.19984          0.00176455
                 632             1.24398             1.19991          0.00176314
                 633              1.2387             1.19997          0.00176142
                 634             1.23123             1.20002          0.00175933
                 635             1.23434             1.20007          0.00175739
                 636             1.23103             1.20012           0.0017553
                 637              1.2148             1.20015           0.0017527
                 638             1.21798             1.20017          0.00175017
                 639             1.19615             1.20017          0.00174744
                 640             1.18868             1.20015          0.00174481
                 641             1.16733              1.2001          0.00174283
                 642             1.17482             1.20006          0.00174056
                 643             1.17658             1.20002          0.00173824
                 644             1.19791             1.20002          0.00173554
                 645              1.2017             1.20002          0.00173286
                 646              1.2028             1.20003          0.00173018
                 647             1.19787             1.20002          0.00172751
                 648              1.1997             1.20002          0.00172484
                 649              1.1882                 1.2          0.00172228
                 650             1.19182             1.19999          0.00171968
                 651             1.19227             1.19998          0.00171708
                 652             1.19932             1.19998          0.00171444
                 653             1.19107             1.19997          0.00171187
                 654              1.1865             1.19994          0.00170938
                 655             1.19867             1.19994          0.00170677
                 656             1.19418             1.19993          0.00170419
                 657             1.19444             1.19993          0.00170162
                 658             1.20351             1.19993          0.00169904
                 659             1.21621             1.19996          0.00169664
                 660             1.20105             1.19996          0.00169407
                 661             1.21591             1.19998          0.00169168
                 662              1.2027             1.19999          0.00168913
                 663             1.20007             1.19999          0.00168658
                 664             1.18888             1.19997          0.00168412
                 665             1.18157             1.19994          0.00168182
                 666             1.16718             1.19989          0.00168001
                 667             1.17683             1.19986          0.00167785
                 668              1.1939             1.19985          0.00167536
                 669             1.20087             1.19985          0.00167286
                 670             1.20009             1.19985          0.00167036
                 671             1.20071             1.19985          0.00166787
                 672             1.20165             1.19985          0.00166539
                 673             1.19446             1.19985          0.00166294
                 674             1.19563             1.19984          0.00166048
                 675             1.19414             1.19983          0.00165804
                 676             1.21184             1.19985          0.00165569
                 677             1.20952             1.19986           0.0016533
                 678             1.21854             1.19989          0.00165109
                 679             1.20636              1.1999          0.00164869
                 680              1.2259             1.19994          0.00164671
                 681             1.22707             1.19998          0.00164477
                 682             1.23759             1.20003          0.00164328
                 683             1.22165             1.20007          0.00164118
                 684             1.23477             1.20012          0.00163957
                 685             1.23166             1.20016          0.00163782
                 686             1.24225             1.20022          0.00163658
                 687             1.24474             1.20029          0.00163548
                 688             1.24219             1.20035          0.00163424
                 689             1.26214             1.20044          0.00163433
                 690             1.27696             1.20055          0.00163572
                 691             1.27092             1.20065          0.00163652
                 692             1.25848             1.20074          0.00163628
                 693             1.23565             1.20079           0.0016347
                 694             1.22151             1.20082          0.00163261
                 695              1.2035             1.20082          0.00163027
                 696             1.19432             1.20081          0.00162795
                 697             1.18896             1.20079          0.00162571
                 698              1.1925             1.20078          0.00162342
                 699             1.21111              1.2008          0.00162117
                 700             1.21403             1.20082          0.00161896
                 701             1.20167             1.20082          0.00161665
                 702             1.21073             1.20083          0.00161441
                 703             1.20973             1.20084          0.00161216
                 704             1.19775             1.20084          0.00160988
                 705             1.20518             1.20084          0.00160761
                 706             1.20084             1.20084          0.00160533
                 707             1.21497             1.20086          0.00160318
                 708             1.21077             1.20088          0.00160098
                 709             1.22879             1.20092          0.00159921
                 710             1.22668             1.20095          0.00159737
                 711             1.21712             1.20098          0.00159528
                 712              1.2271             1.20101          0.00159346
                 713             1.22203             1.20104           0.0015915
                 714             1.23041             1.20108           0.0015898
                 715              1.2497             1.20115          0.00158903
                 716              1.2172             1.20117          0.00158697
                 717             1.24095             1.20123          0.00158573
                 718             1.23522             1.20128          0.00158422
                 719             1.23547             1.20133          0.00158274
                 720             1.23126             1.20137          0.00158108
                 721             1.22535              1.2014          0.00157924
                 722             1.20978             1.20141           0.0015771
                 723             1.21527             1.20143          0.00157503
                 724             1.19478             1.20142          0.00157288
                 725             1.19454             1.20141          0.00157074
                 726             1.18719             1.20139           0.0015687
                 727             1.18346             1.20137          0.00156674
                 728             1.17219             1.20133           0.0015651
                 729             1.18038              1.2013          0.00156321
                 730             1.17926             1.20127          0.00156136
                 731             1.18971             1.20125          0.00155931
                 732             1.19483             1.20124           0.0015572
                 733              1.2125             1.20126          0.00155515
                 734             1.20602             1.20127          0.00155305
                 735             1.19518             1.20126          0.00155096
                 736             1.20425             1.20126          0.00154885
                 737             1.19683             1.20126          0.00154676
                 738             1.21328             1.20127          0.00154475
                 739               1.198             1.20127          0.00154267
                 740             1.20009             1.20127          0.00154059
                 741               1.223              1.2013          0.00153879
                 742             1.20131              1.2013          0.00153671
                 743             1.19304             1.20128          0.00153469
                 744             1.20307             1.20129          0.00153262
                 745             1.19494             1.20128          0.00153059
                 746              1.2106             1.20129          0.00152859
                 747             1.21482             1.20131          0.00152665
                 748             1.22741             1.20134          0.00152501
                 749             1.22222             1.20137          0.00152323
                 750             1.20615             1.20138          0.00152121
                 751             1.22952             1.20142          0.00151965
                 752             1.21823             1.20144          0.00151779
                 753             1.22076             1.20146          0.00151599
                 754             1.22586              1.2015          0.00151433
                 755             1.22282             1.20152          0.00151258
                 756             1.22901             1.20156          0.00151102
                 757             1.23319              1.2016           0.0015096
                 758             1.23408             1.20165          0.00150822
                 759             1.24455              1.2017          0.00150729
                 760             1.26801             1.20179          0.00150783
                 761             1.25104             1.20185          0.00150724
                 762             1.26723             1.20194           0.0015077
                 763             1.25416             1.20201          0.00150727
                 764             1.24434             1.20206          0.00150632
                 765             1.23777             1.20211          0.00150507
                 766             1.24582             1.20217          0.00150419
                 767             1.25308             1.20223          0.00150369
                 768             1.24322             1.20229          0.00150268
                 769             1.22848             1.20232          0.00150111
                 770             1.22196             1.20235          0.00149938
                 771             1.21242             1.20236          0.00149749
                 772             1.22478             1.20239          0.00149583
                 773             1.19617             1.20238          0.00149392
                 774             1.23068             1.20242          0.00149244
                 775             1.21841             1.20244          0.00149066
                 776             1.20666             1.20244          0.00148874
                 777             1.20402             1.20245          0.00148683
                 778             1.19428             1.20243          0.00148496
                 779             1.18465             1.20241          0.00148322
                 780             1.18293             1.20239          0.00148153
                 781             1.19579             1.20238          0.00147966
                 782             1.19857             1.20237          0.00147778
                 783             1.20323             1.20237          0.00147589
                 784             1.21603             1.20239          0.00147411
                 785             1.20577              1.2024          0.00147224
                 786             1.20806              1.2024          0.00147038
                 787             1.21114             1.20241          0.00146856
                 788             1.21546             1.20243          0.00146679
                 789             1.19901             1.20243          0.00146493
                 790             1.22309             1.20245          0.00146331
                 791             1.20358             1.20245          0.00146146
                 792             1.21457             1.20247           0.0014597
                 793             1.19513             1.20246          0.00145789
                 794             1.19106             1.20245          0.00145612
                 795              1.2143             1.20246          0.00145437
                 796             1.18362             1.20244          0.00145273
                 797             1.19242             1.20242          0.00145096
                 798             1.18222              1.2024          0.00144937
                 799             1.17191             1.20236          0.00144805
                 800             1.16898             1.20232          0.00144684
                 801              1.1748             1.20229          0.00144545
                 802             1.17018             1.20225           0.0014442
                 803             1.17918             1.20222          0.00144269
                 804             1.18258             1.20219           0.0014411
                 805              1.2026             1.20219          0.00143931
                 806             1.20405             1.20219          0.00143752
                 807              1.2204             1.20222          0.00143592
                 808             1.20173             1.20222          0.00143414
                 809             1.21889             1.20224          0.00143252
                 810             1.22475             1.20227          0.00143102
                 811              1.2224             1.20229          0.00142947
                 812             1.23013             1.20232          0.00142812
                 813             1.23511             1.20236          0.00142693
                 814              1.2257             1.20239          0.00142547
                 815              1.2325             1.20243           0.0014242
                 816             1.21509             1.20245          0.00142254
                 817             1.21363             1.20246          0.00142086
                 818             1.21973             1.20248          0.00141928
                 819              1.2165              1.2025          0.00141765
                 820             1.23163             1.20253          0.00141637
                 821               1.242             1.20258          0.00141546
                 822             1.27224             1.20267          0.00141627
                 823             1.26059             1.20274           0.0014163
                 824             1.28238             1.20283          0.00141787
                 825             1.24615             1.20289          0.00141713
                 826              1.2673             1.20296          0.00141755
                 827             1.24228             1.20301          0.00141664
                 828             1.24684             1.20306          0.00141592
                 829             1.25672             1.20313          0.00141569
                 830             1.24084             1.20317          0.00141471
                 831             1.24601             1.20323          0.00141394
                 832             1.25941             1.20329          0.00141386
                 833             1.24012             1.20334          0.00141285
                 834             1.23272             1.20337           0.0014116
                 835              1.2184             1.20339          0.00141002
                 836             1.21859             1.20341          0.00140845
                 837             1.19904              1.2034          0.00140678
                 838             1.19812              1.2034          0.00140511
                 839             1.20718              1.2034          0.00140345
                 840             1.20763             1.20341          0.00140178
                 841             1.20287             1.20341          0.00140012
                 842             1.19769              1.2034          0.00139847
                 843             1.21064             1.20341          0.00139684
                 844             1.19871              1.2034          0.00139519
                 845             1.21033             1.20341          0.00139357
                 846             1.21786             1.20343          0.00139202
                 847             1.21667             1.20344          0.00139047
                 848             1.22809             1.20347          0.00138913
                 849             1.21888             1.20349          0.00138762
                 850             1.23883             1.20353          0.00138661
                 851             1.22582             1.20356          0.00138522
                 852             1.24776             1.20361          0.00138457
                 853             1.23583             1.20365          0.00138346
                 854             1.24876              1.2037          0.00138285
                 855             1.22054             1.20372          0.00138137
                 856             1.22412             1.20374          0.00137996
                 857             1.21289             1.20376          0.00137839
                 858              1.2221             1.20378          0.00137695
                 859             1.21754             1.20379          0.00137544
                 860             1.19846             1.20379          0.00137386
                 861             1.20368             1.20379          0.00137226
                 862             1.22048             1.20381          0.00137081
                 863             1.20857             1.20381          0.00136923
                 864             1.19608              1.2038          0.00136767
                 865             1.21372             1.20381          0.00136614
                 866             1.19284              1.2038          0.00136462
                 867             1.21348             1.20381          0.00136309
                 868             1.20821             1.20382          0.00136153
                 869             1.23779             1.20386          0.00136053
                 870             1.23906              1.2039          0.00135957
                 871             1.23215             1.20393          0.00135839
                 872             1.24078             1.20397          0.00135749
                 873             1.23993             1.20401          0.00135656
                 874             1.24629             1.20406          0.00135587
                 875             1.23872              1.2041           0.0013549
                 876             1.24751             1.20415          0.00135426
                 877             1.22061             1.20417          0.00135284
                 878             1.21714             1.20418          0.00135138
                 879             1.19938             1.20418          0.00134986
                 880             1.20805             1.20418          0.00134833
                 881             1.19639             1.20417          0.00134683
                 882             1.21807             1.20419           0.0013454
                 883             1.21335              1.2042          0.00134391
                 884              1.2032              1.2042          0.00134239
                 885             1.21486             1.20421          0.00134093
                 886             1.21519             1.20422          0.00133947
                 887             1.21247             1.20423          0.00133799
                 888             1.21294             1.20424          0.00133652
                 889              1.2052             1.20424          0.00133502
                 890             1.20301             1.20424          0.00133352
                 891             1.21651             1.20426           0.0013321
                 892             1.22321             1.20428          0.00133077
                 893             1.22913              1.2043          0.00132957
                 894             1.25034             1.20436          0.00132908
                 895             1.24556              1.2044          0.00132839
                 896             1.20221              1.2044          0.00132691
                 897             1.20957             1.20441          0.00132545
                 898             1.17158             1.20437          0.00132448
                 899             1.15672             1.20432          0.00132406
                 900             1.15699             1.20426          0.00132364
                 901             1.15844             1.20421          0.00132314
                 902             1.17394             1.20418           0.0013221
                 903              1.1886             1.20416          0.00132075
                 904             1.20467             1.20416          0.00131929
                 905             1.20085             1.20416          0.00131784
                 906             1.20316             1.20416          0.00131638
                 907             1.20914             1.20416          0.00131494
                 908             1.20073             1.20416           0.0013135
                 909             1.20723             1.20416          0.00131206
                 910             1.20136             1.20416          0.00131062
                 911             1.21028             1.20417           0.0013092
                 912             1.21282             1.20418           0.0013078
                 913             1.21357             1.20419          0.00130641
                 914             1.22589             1.20421          0.00130519
                 915             1.21503             1.20422          0.00130382
                 916             1.19567             1.20421          0.00130243
                 917             1.23241             1.20424          0.00130137
                 918             1.21686             1.20426          0.00130003
                 919             1.22767             1.20428          0.00129886
                 920              1.2292             1.20431          0.00129773
                 921             1.22475             1.20433          0.00129651
                 922             1.23703             1.20437          0.00129559
                 923             1.21146             1.20437          0.00129421
                 924             1.22594              1.2044          0.00129302
                 925             1.20772              1.2044          0.00129163
                 926             1.20627              1.2044          0.00129024
                 927             1.20032              1.2044          0.00128885
                 928             1.20067              1.2044          0.00128747
                 929             1.19477             1.20438          0.00128612
                 930             1.20617             1.20439          0.00128474
                 931             1.22691             1.20441          0.00128359
                 932             1.22478             1.20443           0.0012824
                 933             1.22799             1.20446          0.00128127
                 934             1.24962             1.20451          0.00128081
                 935             1.23606             1.20454          0.00127989
                 936             1.24527             1.20458          0.00127926
                 937             1.24069             1.20462          0.00127848
                 938             1.23271             1.20465          0.00127746
                 939             1.23537             1.20468          0.00127652
                 940             1.25126             1.20473          0.00127612
                 941             1.24107             1.20477          0.00127535
                 942             1.23371              1.2048          0.00127437
                 943             1.22306             1.20482          0.00127316
                 944             1.23448             1.20485           0.0012722
                 945             1.23382             1.20489          0.00127123
                 946             1.23168             1.20491           0.0012702
                 947             1.24002             1.20495           0.0012694
                 948             1.23841             1.20499          0.00126855
                 949             1.24072             1.20502          0.00126777
                 950             1.21658             1.20504          0.00126649
                 951             1.21728             1.20505          0.00126523
                 952             1.19724             1.20504          0.00126393
                 953              1.1979             1.20503          0.00126262
                 954             1.20664             1.20503           0.0012613
                 955             1.20732             1.20504          0.00125998
                 956             1.18757             1.20502           0.0012588
                 957             1.20169             1.20502          0.00125749
                 958             1.17676             1.20499          0.00125652
                 959              1.1762             1.20496          0.00125557
                 960             1.17277             1.20492          0.00125471
                 961             1.17573             1.20489          0.00125377
                 962             1.18043             1.20487          0.00125272
                 963             1.18638             1.20485          0.00125157
                 964             1.16261              1.2048          0.00125104
                 965             1.16525             1.20476          0.00125041
                 966             1.16962             1.20473          0.00124965
                 967             1.16328             1.20468          0.00124909
                 968             1.16202             1.20464          0.00124858
                 969             1.18391             1.20462          0.00124747
                 970             1.18119             1.20459          0.00124642
                 971             1.16079             1.20455          0.00124595
                 972               1.194             1.20454          0.00124472
                 973             1.21737             1.20455          0.00124351
                 974             1.20214             1.20455          0.00124223
                 975             1.23557             1.20458          0.00124137
                 976             1.23196             1.20461          0.00124041
                 977             1.21468             1.20462          0.00123918
                 978             1.20482             1.20462          0.00123792
                 979             1.19792             1.20461          0.00123667
                 980             1.18261             1.20459          0.00123561
                 981             1.18647             1.20457          0.00123449
                 982              1.1893             1.20456          0.00123333
                 983             1.17858             1.20453          0.00123236
                 984              1.1871             1.20451          0.00123124
                 985             1.16762             1.20447          0.00123056
                 986             1.18568             1.20445          0.00122946
                 987             1.18401             1.20443          0.00122838
                 988              1.1718              1.2044          0.00122759
                 989             1.17553             1.20437          0.00122669
                 990             1.20014             1.20437          0.00122546
                 991             1.19627             1.20436          0.00122425
                 992             1.18393             1.20434          0.00122319
                 993             1.18816             1.20432          0.00122207
                 994             1.17375             1.20429          0.00122122
                 995             1.15484             1.20424          0.00122101
                 996             1.15796              1.2042          0.00122067
                 997             1.15349             1.20414           0.0012205
                 998             1.16348              1.2041          0.00121996
                 999             1.16871             1.20407          0.00121925
                1000             1.18628             1.20405          0.00121816
