                   1              1.4081              1.4081                   0
                   2             1.40774             1.40792          0.00012702
                   3              1.4073             1.40772         0.000188951
                   4             1.40691             1.40751         0.000224951
                   5             1.40635             1.40728         0.000275365
                   6             1.40546             1.40698         0.000359673
                   7             1.40465             1.40665         0.000435957
                   8               1.406             1.40657         0.000388786
                   9             1.40243             1.40611         0.000553756
                  10             1.40982             1.40648         0.000610473
                  11             1.40379             1.40623         0.000601838
                  12             1.40781             1.40636         0.000565765
                  13             1.40676              1.4064         0.000523074
                  14             1.40639              1.4064         0.000485712
                  15             1.40556             1.40634         0.000456547
                  16             1.40772             1.40643         0.000436081
                  17             1.40486             1.40633         0.000420056
                  18             1.40918             1.40649         0.000425419
                  19             1.40632             1.40648          0.00040312
                  20             1.40614             1.40647         0.000383338
                  21             1.40827             1.40655          0.00037463
                  22              1.4079             1.40661         0.000362585
                  23             1.40781             1.40666         0.000350562
                  24             1.40715             1.40668         0.000336535
                  25             1.40695              1.4067         0.000323237
                  26             1.40608             1.40667         0.000311673
                  27             1.40746              1.4067          0.00030149
                  28             1.40534             1.40665         0.000294638
                  29             1.40695             1.40666         0.000284657
                  30             1.40806             1.40671         0.000278931
                  31             1.40926             1.40679          0.00028179
                  32              1.4055             1.40675         0.000275878
                  33             1.40551             1.40671         0.000270062
                  34             1.40734             1.40673          0.00026274
                  35             1.40631             1.40672         0.000255515
                  36             1.40803             1.40676         0.000250981
                  37             1.40716             1.40677         0.000244434
                  38             1.40702             1.40677         0.000238092
                  39             1.41084             1.40688         0.000253804
                  40             1.40526             1.40684         0.000250661
                  41             1.40593             1.40681         0.000245529
                  42             1.40742             1.40683          0.00024011
                  43             1.40711             1.40684         0.000234612
                  44             1.40667             1.40683         0.000229312
                  45             1.40782             1.40685         0.000225261
                  46             1.40807             1.40688         0.000221909
                  47             1.40531             1.40685         0.000219683
                  48             1.40652             1.40684         0.000215213
                  49             1.40629             1.40683         0.000211113
                  50             1.40808             1.40685         0.000208362
                  51             1.40633             1.40684         0.000204526
                  52             1.40445              1.4068         0.000205693
                  53             1.40784             1.40682         0.000202753
                  54             1.40837             1.40685         0.000201034
                  55             1.40756             1.40686         0.000197802
                  56             1.40684             1.40686          0.00019427
                  57             1.40712             1.40686         0.000190915
                  58             1.40744             1.40687         0.000187886
                  59             1.41099             1.40694         0.000197221
                  60             1.40379             1.40689         0.000200821
                  61             1.40891             1.40692         0.000200247
                  62             1.40553              1.4069         0.000198267
                  63             1.40774             1.40691         0.000195564
                  64              1.4074             1.40692         0.000192657
                  65             1.40582             1.40691         0.000190434
                  66             1.40674              1.4069         0.000187566
                  67             1.40794             1.40692         0.000185408
                  68             1.40729             1.40692         0.000182762
                  69             1.40725             1.40693         0.000180176
                  70             1.40494              1.4069          0.00017982
                  71              1.4062             1.40689         0.000177559
                  72             1.40847             1.40691         0.000176448
                  73              1.4057              1.4069          0.00017481
                  74              1.4069              1.4069         0.000172448
                  75             1.40713              1.4069         0.000170177
                  76             1.40765             1.40691         0.000168222
                  77             1.40824             1.40693         0.000166929
                  78              1.4058             1.40691         0.000165413
                  79             1.40728             1.40692         0.000163386
                  80             1.40726             1.40692           0.0001614
                  81             1.40545              1.4069         0.000160431
                  82              1.4074             1.40691         0.000158588
                  83             1.40768             1.40692         0.000156953
                  84             1.40882             1.40694         0.000156718
                  85              1.4052             1.40692         0.000156213
                  86             1.40875             1.40694         0.000155836
                  87             1.40521             1.40692         0.000155314
                  88             1.40539              1.4069         0.000154527
                  89             1.40714             1.40691         0.000152813
                  90             1.40537             1.40689         0.000152062
                  91             1.40725             1.40689         0.000150444
                  92             1.40583             1.40688          0.00014925
                  93             1.40708             1.40688          0.00014766
                  94             1.40591             1.40687         0.000146454
                  95             1.40857             1.40689            0.000146
                  96             1.40527             1.40687         0.000145451
                  97             1.40562             1.40686         0.000144522
                  98              1.4076             1.40687         0.000143247
                  99             1.40792             1.40688         0.000142194
                 100             1.40605             1.40687         0.000141013
                 101             1.40994              1.4069         0.000142855
                 102             1.40591             1.40689         0.000141787
                 103             1.40657             1.40689         0.000140445
                 104             1.40831              1.4069         0.000139762
                 105             1.40879             1.40692         0.000139585
                 106             1.40731             1.40692         0.000138317
                 107             1.40739             1.40693         0.000137092
                 108             1.40735             1.40693         0.000135877
                 109             1.40534             1.40692          0.00013541
                 110             1.40735             1.40692         0.000134237
                 111             1.40645             1.40692         0.000133095
                 112             1.40712             1.40692         0.000131918
                 113              1.4065             1.40692         0.000130804
                 114             1.40545              1.4069         0.000130288
                 115             1.41218             1.40695         0.000136994
                 116             1.40416             1.40692          0.00013791
                 117             1.40775             1.40693         0.000136912
                 118             1.40748             1.40694         0.000135832
                 119              1.4072             1.40694         0.000134708
                 120             1.40692             1.40694         0.000133586
                 121             1.40939             1.40696         0.000134007
                 122             1.40726             1.40696         0.000132931
                 123             1.40743             1.40696         0.000131906
                 124             1.40699             1.40697         0.000130842
                 125             1.40716             1.40697         0.000129805
                 126             1.40702             1.40697         0.000128775
                 127             1.40759             1.40697         0.000127856
                 128             1.40544             1.40696         0.000127419
                 129             1.40668             1.40696          0.00012645
                 130             1.40578             1.40695           0.0001258
                 131             1.40835             1.40696         0.000125296
                 132              1.4072             1.40696         0.000124359
                 133             1.40456             1.40694         0.000124727
                 134             1.40872             1.40696         0.000124498
                 135              1.4084             1.40697         0.000124036
                 136             1.40607             1.40696         0.000123298
                 137              1.4068             1.40696         0.000122403
                 138             1.40819             1.40697         0.000121839
                 139             1.40666             1.40697         0.000120983
                 140             1.40739             1.40697         0.000120157
                 141             1.40705             1.40697         0.000119306
                 142             1.40922             1.40699         0.000119516
                 143             1.40689             1.40698         0.000118682
                 144             1.40772             1.40699         0.000117967
                 145             1.40744             1.40699         0.000117194
                 146             1.40677             1.40699         0.000116401
                 147             1.40724             1.40699         0.000115622
                 148             1.40621             1.40699          0.00011496
                 149             1.40625             1.40698         0.000114296
                 150             1.40833             1.40699         0.000113888
                 151             1.40638             1.40699         0.000113207
                 152             1.40656             1.40699         0.000112496
                 153             1.40726             1.40699         0.000111776
                 154             1.40669             1.40698         0.000111067
                 155             1.40771             1.40699         0.000110449
                 156             1.40802               1.407         0.000109939
                 157             1.40496             1.40698             0.00011
                 158             1.40838             1.40699         0.000109658
                 159             1.40574             1.40698         0.000109248
                 160             1.40785             1.40699           0.0001087
                 161             1.40847               1.407         0.000108411
                 162             1.40654               1.407          0.00010778
                 163             1.40553             1.40699         0.000107492
                 164             1.40903               1.407         0.000107557
                 165             1.40592             1.40699         0.000107105
                 166             1.40768               1.407          0.00010654
                 167             1.40636             1.40699         0.000105969
                 168             1.40746               1.407         0.000105375
                 169             1.40597             1.40699         0.000104925
                 170             1.40575             1.40698         0.000104561
                 171             1.40742             1.40699          0.00010398
                 172              1.4062             1.40698         0.000103476
                 173             1.40864             1.40699         0.000103319
                 174             1.40551             1.40698         0.000103072
                 175              1.4075             1.40698         0.000102525
                 176             1.40913               1.407         0.000102664
                 177             1.41063             1.40702         0.000104117
                 178              1.4051             1.40701         0.000104089
                 179             1.40603               1.407         0.000103651
                 180             1.40711               1.407         0.000103076
                 181             1.40859             1.40701         0.000102879
                 182             1.40588               1.407           0.0001025
                 183             1.40759             1.40701         0.000101989
                 184             1.40496               1.407         0.000102041
                 185             1.40952             1.40701         0.000102401
                 186             1.40695             1.40701          0.00010185
                 187             1.40735             1.40701         0.000101322
                 188             1.40828             1.40702         0.000101006
                 189             1.40677             1.40702          0.00010048
                 190             1.40792             1.40702         0.000100063
                 191             1.40573             1.40701        9.97688e-005
                 192              1.4081             1.40702        9.94089e-005
                 193             1.40493             1.40701        9.94842e-005
                 194             1.40672             1.40701        9.89824e-005
                 195             1.40681             1.40701        9.84799e-005
                 196             1.40677             1.40701        9.79849e-005
                 197              1.4093             1.40702        9.81762e-005
                 198              1.4054             1.40701        9.80205e-005
                 199             1.40841             1.40702        9.77818e-005
                 200             1.40651             1.40701        9.73255e-005
                 201             1.40587             1.40701        9.70061e-005
                 202             1.40849             1.40702        9.68028e-005
                 203             1.40801             1.40702        9.64486e-005
                 204              1.4091             1.40703        9.65111e-005
                 205             1.40627             1.40703        9.61118e-005
                 206             1.40663             1.40703        9.56646e-005
                 207             1.40692             1.40702        9.52037e-005
                 208             1.40554             1.40702        9.50121e-005
                 209             1.40605             1.40701        9.46692e-005
                 210             1.41245             1.40704        9.76888e-005
                 211             1.40339             1.40702        9.87422e-005
                 212               1.408             1.40703        9.83831e-005
                 213             1.40772             1.40703        9.79753e-005
                 214             1.40679             1.40703         9.7524e-005
                 215             1.40974             1.40704        9.78851e-005
                 216             1.40547             1.40703        9.77007e-005
                 217             1.40576             1.40703        9.74266e-005
                 218              1.4074             1.40703        9.69943e-005
                 219              1.4076             1.40703        9.65864e-005
                 220             1.40804             1.40704         9.6255e-005
                 221             1.40682             1.40704        9.58245e-005
                 222             1.40689             1.40703        9.53951e-005
                 223             1.40694             1.40703        9.49683e-005
                 224             1.40479             1.40702         9.5071e-005
                 225             1.40906             1.40703        9.50776e-005
                 226              1.4053             1.40703        9.49671e-005
                 227             1.40712             1.40703        9.45498e-005
                 228             1.40914             1.40704        9.45868e-005
                 229             1.40531             1.40703         9.4474e-005
                 230             1.40757             1.40703        9.40921e-005
                 231              1.4074             1.40703        9.36986e-005
                 232             1.40588             1.40703         9.3426e-005
                 233             1.40892             1.40704        9.33791e-005
                 234              1.4044             1.40702        9.36555e-005
                 235             1.40787             1.40703        9.33261e-005
                 236             1.40766             1.40703        9.29694e-005
                 237             1.40519             1.40702        9.29005e-005
                 238              1.4093             1.40703        9.30035e-005
                 239             1.40743             1.40703        9.26296e-005
                 240             1.41146             1.40705        9.40647e-005
                 241             1.40318             1.40704        9.50381e-005
                 242             1.41046             1.40705        9.56919e-005
                 243             1.40506             1.40704        9.56489e-005
                 244             1.40915             1.40705        9.56476e-005
                 245             1.40897             1.40706        9.55763e-005
                 246              1.4046             1.40705        9.57088e-005
                 247             1.40819             1.40705        9.54334e-005
                 248             1.40654             1.40705        9.50709e-005
                 249             1.40764             1.40705        9.47188e-005
                 250             1.40735             1.40705        9.43474e-005
                 251             1.40613             1.40705        9.40431e-005
                 252              1.4121             1.40707        9.57776e-005
                 253             1.40485             1.40706        9.57993e-005
                 254             1.40563             1.40706        9.55875e-005
                 255             1.40722             1.40706        9.52149e-005
                 256             1.40752             1.40706        9.48604e-005
                 257              1.4049             1.40705        9.48631e-005
                 258             1.40802             1.40705        9.45696e-005
                 259             1.40574             1.40705        9.43411e-005
                 260             1.40809             1.40705        9.40634e-005
                 261             1.40653             1.40705        9.37247e-005
                 262             1.40725             1.40705          9.337e-005
                 263             1.40771             1.40705         9.3049e-005
                 264             1.40605             1.40705        9.27751e-005
                 265             1.40725             1.40705        9.24279e-005
                 266             1.40578             1.40705        9.22039e-005
                 267             1.40616             1.40704        9.19187e-005
                 268             1.40914             1.40705        9.19068e-005
                 269             1.40616             1.40705        9.16254e-005
                 270             1.40735             1.40705        9.12928e-005
                 271             1.40551             1.40704        9.11314e-005
                 272             1.40978             1.40705        9.13507e-005
                 273             1.40409             1.40704        9.16605e-005
                 274             1.40612             1.40704        9.13873e-005
                 275             1.40707             1.40704         9.1055e-005
                 276               1.407             1.40704        9.07252e-005
                 277              1.4071             1.40704        9.03979e-005
                 278             1.40799             1.40704         9.0138e-005
                 279             1.40596             1.40704        8.98988e-005
                 280             1.40641             1.40704        8.96058e-005
                 281             1.40807             1.40704         8.9363e-005
                 282             1.40481             1.40703        8.93948e-005
                 283             1.40804             1.40704        8.91495e-005
                 284             1.40732             1.40704        8.88413e-005
                 285             1.40851             1.40704        8.86804e-005
                 286             1.40599             1.40704        8.84472e-005
                 287             1.40891             1.40704        8.83796e-005
                 288             1.40591             1.40704        8.81603e-005
                 289             1.40521             1.40703        8.80831e-005
                 290             1.40704             1.40703        8.77794e-005
                 291             1.40575             1.40703        8.75891e-005
                 292             1.40645             1.40703        8.73118e-005
                 293             1.40789             1.40703        8.70636e-005
                 294             1.40559             1.40703        8.69052e-005
                 295             1.40806             1.40703        8.66814e-005
                 296             1.40689             1.40703        8.63899e-005
                 297             1.41049             1.40704        8.68801e-005
                 298             1.40399             1.40703        8.71899e-005
                 299             1.40967             1.40704         8.7345e-005
                 300             1.40629             1.40704          8.709e-005
                 301             1.40752             1.40704        8.68152e-005
                 302             1.40683             1.40704        8.65304e-005
                 303             1.40847             1.40704        8.63744e-005
                 304             1.40472             1.40704        8.64279e-005
                 305             1.40594             1.40703        8.62185e-005
                 306             1.40872             1.40704        8.61123e-005
                 307             1.40604             1.40703        8.58936e-005
                 308             1.40495             1.40703        8.58799e-005
                 309             1.40842             1.40703        8.57195e-005
                 310              1.4065             1.40703        8.54602e-005
                 311             1.40832             1.40703        8.52855e-005
                 312              1.4085             1.40704        8.51409e-005
                 313              1.4067             1.40704        8.48759e-005
                 314             1.40675             1.40704        8.46105e-005
                 315             1.40963             1.40704        8.47419e-005
                 316             1.40598             1.40704        8.45403e-005
                 317             1.40698             1.40704        8.42739e-005
                 318             1.40703             1.40704        8.40089e-005
                 319             1.40782             1.40704        8.37806e-005
                 320             1.41046             1.40705        8.41946e-005
                 321             1.40313             1.40704        8.48144e-005
                 322              1.4084             1.40705        8.46556e-005
                 323             1.40791             1.40705        8.44359e-005
                 324             1.40738             1.40705        8.41816e-005
                 325              1.4066             1.40705        8.39341e-005
                 326             1.40818             1.40705        8.37486e-005
                 327              1.4054             1.40705        8.36454e-005
                 328             1.40765             1.40705        8.34109e-005
                 329              1.4056             1.40704         8.3274e-005
                 330             1.40821             1.40705        8.30969e-005
                 331              1.4069             1.40705        8.28471e-005
                 332             1.40539             1.40704        8.27479e-005
                 333             1.40926             1.40705        8.27668e-005
                 334             1.40547             1.40704        8.26534e-005
                 335             1.40898             1.40705        8.26093e-005
                 336             1.40625             1.40705        8.23979e-005
                 337             1.40813             1.40705        8.22162e-005
                 338             1.40944             1.40706        8.22752e-005
                 339             1.40514             1.40705        8.22278e-005
                 340             1.40613             1.40705        8.20309e-005
                 341             1.40822             1.40705        8.18623e-005
                 342             1.40489             1.40705        8.18667e-005
                 343              1.4067             1.40705        8.16343e-005
                 344             1.40787             1.40705        8.14319e-005
                 345             1.40735             1.40705        8.12006e-005
                 346             1.40758             1.40705        8.09803e-005
                 347             1.40753             1.40705        8.07585e-005
                 348             1.40824             1.40706        8.05988e-005
                 349             1.40587             1.40705        8.04399e-005
                 350             1.40725             1.40705        8.02122e-005
                 351             1.40509             1.40705        8.01793e-005
                 352             1.40942             1.40705        8.02333e-005
                 353              1.4083             1.40706        8.00835e-005
                 354             1.40809             1.40706        7.99102e-005
                 355             1.40665             1.40706        7.96936e-005
                 356             1.40772             1.40706        7.94915e-005
                 357             1.40631             1.40706        7.92969e-005
                 358             1.40901             1.40706        7.92626e-005
                 359             1.40671             1.40706        7.90479e-005
                 360             1.40756             1.40706        7.88403e-005
                 361             1.40551             1.40706        7.87392e-005
                 362             1.40502             1.40705        7.87227e-005
                 363             1.40812             1.40706        7.85605e-005
                 364             1.40445             1.40705        7.86705e-005
                 365             1.40834             1.40705         7.8534e-005
                 366             1.40735             1.40705        7.83237e-005
                 367              1.4078             1.40706        7.81369e-005
                 368             1.40813             1.40706        7.79794e-005
                 369             1.40585             1.40706        7.78367e-005
                 370             1.40781             1.40706        7.76528e-005
                 371              1.4069             1.40706        7.74447e-005
                 372             1.40746             1.40706        7.72441e-005
                 373             1.40562             1.40706        7.71328e-005
                 374             1.40908             1.40706        7.71167e-005
                 375             1.40709             1.40706        7.69111e-005
                 376              1.4073             1.40706        7.67092e-005
                 377             1.40938             1.40707         7.6751e-005
                 378             1.40461             1.40706        7.68233e-005
                 379             1.40738             1.40706        7.66253e-005
                 380             1.40531             1.40706        7.65619e-005
                 381             1.40942             1.40706        7.66107e-005
                 382             1.40658             1.40706        7.64205e-005
                 383             1.40719             1.40706        7.62217e-005
                 384             1.40565             1.40706         7.6112e-005
                 385             1.40782             1.40706        7.59398e-005
                 386             1.40617             1.40706        7.57778e-005
                 387             1.40576             1.40706        7.56561e-005
                 388             1.40709             1.40706        7.54611e-005
                 389             1.40706             1.40706        7.52672e-005
                 390             1.40872             1.40706        7.51947e-005
                 391             1.40477             1.40705        7.52309e-005
                 392              1.4068             1.40705        7.50417e-005
                 393              1.4072             1.40705        7.48517e-005
                 394             1.40662             1.40705        7.46699e-005
                 395             1.40541             1.40705        7.45959e-005
                 396             1.40875             1.40705        7.45307e-005
                 397             1.40533             1.40705        7.44692e-005
                 398             1.40801             1.40705        7.43215e-005
                 399             1.40677             1.40705        7.41385e-005
                 400              1.4082             1.40705        7.40087e-005
                 401             1.40591             1.40705        7.38794e-005
                 402             1.40786             1.40705        7.37233e-005
                 403             1.40811             1.40705        7.35874e-005
                 404             1.40601             1.40705        7.34504e-005
                 405             1.40892             1.40706        7.34136e-005
                 406             1.40629             1.40705        7.32573e-005
                 407             1.41023             1.40706        7.34909e-005
                 408             1.40548             1.40706        7.34129e-005
                 409               1.409             1.40706        7.33863e-005
                 410             1.40741             1.40706        7.32121e-005
                 411             1.40687             1.40706        7.30355e-005
                 412             1.40861             1.40707        7.29544e-005
                 413             1.40615             1.40707        7.28112e-005
                 414             1.40645             1.40706        7.26505e-005
                 415             1.40683             1.40706        7.24776e-005
                 416             1.40549             1.40706        7.24025e-005
                 417               1.408             1.40706         7.2264e-005
                 418             1.40617             1.40706        7.21223e-005
                 419             1.40725             1.40706        7.19516e-005
                 420             1.40537             1.40706        7.18923e-005
                 421             1.40903             1.40706        7.18739e-005
                 422             1.40619             1.40706        7.17329e-005
                 423              1.4094             1.40706        7.17768e-005
                 424              1.4058             1.40706        7.16697e-005
                 425             1.40809             1.40706        7.15417e-005
                 426              1.4071             1.40706        7.13738e-005
                 427             1.40741             1.40706        7.12112e-005
                 428             1.40522             1.40706        7.11747e-005
                 429             1.40707             1.40706        7.10088e-005
                 430             1.40943             1.40707        7.10574e-005
                 431             1.40414             1.40706        7.12156e-005
                 432             1.40768             1.40706        7.10652e-005
                 433               1.408             1.40706        7.09342e-005
                 434             1.40578             1.40706         7.0832e-005
                 435             1.40703             1.40706        7.06692e-005
                 436             1.40601             1.40706        7.05483e-005
                 437             1.40814             1.40706        7.04307e-005
                 438             1.40596             1.40706        7.03143e-005
                 439             1.40999             1.40706        7.04701e-005
                 440             1.40476             1.40706        7.05037e-005
                 441              1.4081             1.40706        7.03833e-005
                 442             1.40619             1.40706        7.02514e-005
                 443             1.40683             1.40706        7.00948e-005
                 444              1.4066             1.40706        6.99446e-005
                 445             1.40686             1.40706        6.97888e-005
                 446             1.40807             1.40706         6.9669e-005
                 447             1.40726             1.40706        6.95147e-005
                 448             1.40562             1.40706        6.94339e-005
                 449             1.40662             1.40706         6.9286e-005
                 450             1.40516             1.40705        6.92599e-005
                 451             1.40618             1.40705        6.91329e-005
                 452             1.40843             1.40705        6.90471e-005
                 453             1.40564             1.40705        6.89646e-005
                 454             1.40859             1.40705         6.8896e-005
                 455             1.40561             1.40705        6.88173e-005
                 456             1.40734             1.40705        6.86693e-005
                 457             1.40706             1.40705         6.8519e-005
                 458             1.40746             1.40705        6.83753e-005
                 459             1.40738             1.40705        6.82302e-005
                 460             1.40794             1.40705         6.8109e-005
                 461             1.40778             1.40706        6.79795e-005
                 462             1.40712             1.40706        6.78325e-005
                 463             1.40913             1.40706        6.78343e-005
                 464             1.40769             1.40706        6.77018e-005
                 465             1.40827             1.40706        6.76058e-005
                 466             1.40644             1.40706        6.74741e-005
                 467               1.408             1.40706        6.73593e-005
                 468              1.4062             1.40706        6.72409e-005
                 469             1.40495             1.40706         6.7248e-005
                 470              1.4073             1.40706        6.71069e-005
                 471             1.40572             1.40706        6.70249e-005
                 472              1.4074             1.40706        6.68869e-005
                 473             1.40771             1.40706        6.67598e-005
                 474             1.40708             1.40706         6.6619e-005
                 475             1.40617             1.40706        6.65048e-005
                 476             1.40679             1.40706        6.63674e-005
                 477             1.40508             1.40705         6.6357e-005
                 478             1.40962             1.40706        6.64361e-005
                 479             1.40562             1.40705        6.63652e-005
                 480             1.40839             1.40706        6.62849e-005
                 481             1.40679             1.40706        6.61494e-005
                 482              1.4075             1.40706        6.60187e-005
                 483             1.40765             1.40706        6.58934e-005
                 484             1.40542             1.40705        6.58437e-005
                 485             1.40473             1.40705        6.58824e-005
                 486             1.40748             1.40705        6.57528e-005
                 487             1.40521             1.40705        6.57266e-005
                 488              1.4081             1.40705        6.56271e-005
                 489             1.40558             1.40705        6.55616e-005
                 490             1.40719             1.40705        6.54284e-005
                 491             1.40593             1.40704         6.5335e-005
                 492             1.40954             1.40705         6.5399e-005
                 493             1.40697             1.40705        6.52666e-005
                 494             1.40709             1.40705        6.51345e-005
                 495             1.40523             1.40705        6.51069e-005
                 496             1.40551             1.40704         6.5049e-005
                 497             1.40699             1.40704        6.49181e-005
                 498             1.40851             1.40705        6.48546e-005
                 499             1.40481             1.40704         6.4879e-005
                 500             1.40725             1.40704        6.47505e-005
                 501             1.40864             1.40704           6.47e-005
                 502             1.40577             1.40704         6.4621e-005
                 503             1.40894             1.40705        6.46023e-005
                 504             1.40564             1.40704        6.45342e-005
                 505             1.40754             1.40704        6.44139e-005
                 506             1.40758             1.40704        6.42952e-005
                 507              1.4078             1.40705        6.41858e-005
                 508              1.4052             1.40704        6.41627e-005
                 509             1.40601             1.40704        6.40684e-005
                 510             1.40677             1.40704        6.39449e-005
                 511             1.40705             1.40704        6.38198e-005
                 512              1.4044             1.40704        6.39033e-005
                 513             1.40643             1.40703        6.37897e-005
                 514             1.40953             1.40704          6.385e-005
                 515             1.40758             1.40704        6.37345e-005
                 516             1.40419             1.40703        6.38491e-005
                 517             1.40753             1.40704        6.37329e-005
                 518             1.41131             1.40704        6.41419e-005
                 519             1.40252             1.40703        6.46074e-005
                 520             1.41067             1.40704        6.48602e-005
                 521             1.40102             1.40703         6.5759e-005
                 522             1.40914             1.40703        6.57569e-005
                 523             1.40598             1.40703        6.56618e-005
                 524              1.4056             1.40703        6.55933e-005
                 525             1.40814             1.40703        6.55022e-005
                 526             1.40871             1.40703        6.54553e-005
                 527             1.40519             1.40703        6.54248e-005
                 528             1.40639             1.40703         6.5312e-005
                 529             1.40796             1.40703        6.52123e-005
                 530             1.40628             1.40703        6.51045e-005
                 531             1.40491             1.40703        6.51048e-005
                 532             1.40572             1.40702        6.50286e-005
                 533             1.40671             1.40702        6.49093e-005
                 534             1.40603             1.40702        6.48142e-005
                 535             1.40688             1.40702        6.46936e-005
                 536             1.40878             1.40702        6.46565e-005
                 537             1.40393             1.40702        6.47918e-005
                 538             1.40668             1.40702        6.46745e-005
                 539              1.4054             1.40702         6.4624e-005
                 540              1.4057             1.40701        6.45499e-005
                 541             1.40867             1.40702        6.45028e-005
                 542             1.40669             1.40702        6.43865e-005
                 543             1.40706             1.40702         6.4268e-005
                 544             1.40887             1.40702        6.42405e-005
                 545             1.40735             1.40702        6.41255e-005
                 546             1.40597             1.40702        6.40369e-005
                 547             1.40778             1.40702        6.39349e-005
                 548             1.40673             1.40702        6.38204e-005
                 549             1.40798             1.40702        6.37282e-005
                 550             1.40718             1.40702         6.3613e-005
                 551             1.40504             1.40702        6.35989e-005
                 552             1.40664             1.40702        6.34873e-005
                 553             1.40712             1.40702        6.33728e-005
                 554             1.40601             1.40701        6.32846e-005
                 555             1.40726             1.40701        6.31721e-005
                 556             1.40593             1.40701        6.30889e-005
                 557             1.40384             1.40701        6.32315e-005
                 558             1.40882             1.40701        6.32013e-005
                 559             1.40492             1.40701        6.31991e-005
                 560             1.40586               1.407        6.31192e-005
                 561              1.4086             1.40701        6.30711e-005
                 562              1.4056             1.40701        6.30088e-005
                 563             1.40784             1.40701        6.29143e-005
                 564             1.40771             1.40701        6.28151e-005
                 565              1.4052               1.407        6.27852e-005
                 566             1.40629               1.407        6.26868e-005
                 567             1.40523               1.407        6.26543e-005
                 568             1.41013             1.40701        6.27859e-005
                 569             1.40546               1.407        6.27344e-005
                 570             1.40689               1.407        6.26246e-005
                 571             1.40498               1.407        6.26154e-005
                 572             1.40744               1.407        6.25107e-005
                 573             1.40772               1.407        6.24141e-005
                 574             1.40436               1.407        6.24751e-005
                 575             1.40682               1.407        6.23672e-005
                 576             1.40956               1.407        6.24172e-005
                 577             1.40442               1.407        6.24691e-005
                 578               1.407               1.407        6.23611e-005
                 579             1.40711               1.407        6.22537e-005
                 580             1.40621               1.407        6.21612e-005
                 581             1.40859               1.407         6.2115e-005
                 582             1.40493             1.40699        6.21093e-005
                 583             1.40746               1.407        6.20079e-005
                 584             1.40706               1.407        6.19018e-005
                 585             1.40499             1.40699        6.18909e-005
                 586             1.40765             1.40699        6.17955e-005
                 587             1.40453             1.40699        6.18327e-005
                 588             1.40872             1.40699        6.17973e-005
                 589             1.40332             1.40699        6.20054e-005
                 590             1.40794             1.40699        6.19214e-005
                 591             1.40532             1.40698        6.18809e-005
                 592             1.40886             1.40699        6.18577e-005
                 593             1.40478             1.40698        6.18652e-005
                 594             1.40736             1.40698        6.17643e-005
                 595             1.40498             1.40698        6.17525e-005
                 596             1.40508             1.40698        6.17308e-005
                 597             1.40906             1.40698        6.17258e-005
                 598             1.40353             1.40698        6.18918e-005
                 599             1.41047             1.40698        6.20624e-005
                 600             1.40463             1.40698        6.20825e-005
                 601             1.40626             1.40698        6.19906e-005
                 602             1.40632             1.40698        6.18972e-005
                 603             1.40792             1.40698        6.18145e-005
                 604             1.40633             1.40698        6.17215e-005
                 605             1.40549             1.40697         6.1668e-005
                 606             1.40665             1.40697        6.15686e-005
                 607              1.4079             1.40697         6.1486e-005
                 608             1.40485             1.40697        6.14843e-005
                 609             1.40824             1.40697        6.14185e-005
                 610             1.40705             1.40697        6.13179e-005
                 611             1.40817             1.40697        6.12487e-005
                 612             1.40748             1.40698         6.1154e-005
                 613             1.40895             1.40698        6.11393e-005
                 614             1.40692             1.40698        6.10398e-005
                 615             1.40617             1.40698        6.09548e-005
                 616             1.40756             1.40698        6.08632e-005
                 617             1.40677             1.40698        6.07655e-005
                 618             1.40653             1.40698        6.06715e-005
                 619              1.4078             1.40698         6.0588e-005
                 620             1.40537             1.40698        6.05458e-005
                 621             1.40876             1.40698        6.05163e-005
                 622             1.40504             1.40698        6.04995e-005
                 623             1.40404             1.40697        6.05855e-005
                 624              1.4086             1.40697        6.05442e-005
                 625             1.40736             1.40697        6.04505e-005
                 626              1.4056             1.40697         6.0394e-005
                 627             1.40725             1.40697        6.02993e-005
                 628             1.40841             1.40697        6.02465e-005
                 629              1.4068             1.40697        6.01514e-005
                 630             1.40613             1.40697         6.0071e-005
                 631             1.40718             1.40697        5.99767e-005
                 632             1.40664             1.40697        5.98842e-005
                 633             1.40624             1.40697        5.98006e-005
                 634             1.40765             1.40697        5.97158e-005
                 635             1.40773             1.40697        5.96337e-005
                 636             1.40778             1.40698        5.95535e-005
                 637             1.40593             1.40697        5.94826e-005
                 638             1.40873             1.40698        5.94532e-005
                 639              1.4087             1.40698        5.94212e-005
                 640             1.40709             1.40698        5.93286e-005
                 641             1.40755             1.40698        5.92428e-005
                 642             1.40935             1.40698         5.9265e-005
                 643             1.40354             1.40698        5.94143e-005
                 644             1.40745             1.40698        5.93264e-005
                 645              1.4061             1.40698          5.925e-005
                 646             1.40702             1.40698        5.91584e-005
                 647             1.40682             1.40698        5.90674e-005
                 648             1.40775             1.40698        5.89882e-005
                 649             1.40649             1.40698        5.89021e-005
                 650              1.4074             1.40698         5.8815e-005
                 651             1.40804             1.40698        5.87474e-005
                 652             1.40589             1.40698        5.86811e-005
                 653             1.40851             1.40698        5.86378e-005
                 654             1.40579             1.40698        5.85766e-005
                 655             1.40657             1.40698        5.84904e-005
                 656             1.40731             1.40698        5.84034e-005
                 657             1.40865             1.40698          5.837e-005
                 658             1.40462             1.40698        5.83914e-005
                 659               1.406             1.40698        5.83215e-005
                 660             1.40801             1.40698        5.82542e-005
                 661             1.40612             1.40698        5.81803e-005
                 662             1.40943             1.40698        5.82099e-005
                 663              1.4074             1.40698        5.81254e-005
                 664              1.4072             1.40698        5.80388e-005
                 665             1.40825             1.40698        5.79829e-005
                 666             1.40662             1.40698        5.78984e-005
                 667             1.40821             1.40698        5.78408e-005
                 668             1.40395             1.40698        5.79328e-005
                 669             1.40869             1.40698        5.79028e-005
                 670             1.40617             1.40698        5.78292e-005
                 671             1.40745             1.40698        5.77472e-005
                 672             1.40722             1.40698        5.76624e-005
                 673             1.40707             1.40698        5.75769e-005
                 674             1.40918             1.40699        5.75837e-005
                 675             1.40489             1.40698        5.75818e-005
                 676             1.40683             1.40698         5.7497e-005
                 677             1.40697             1.40698        5.74121e-005
                 678             1.40747             1.40698        5.73319e-005
                 679             1.40704             1.40698        5.72476e-005
                 680             1.40702             1.40698        5.71634e-005
                 681             1.40572             1.40698        5.71094e-005
                 682             1.40747             1.40698        5.70301e-005
                 683             1.40792             1.40698        5.69633e-005
                 684             1.40613             1.40698        5.68936e-005
                 685             1.40726             1.40698         5.6812e-005
                 686             1.40758             1.40698        5.67359e-005
                 687             1.40556             1.40698        5.66911e-005
                 688             1.40528             1.40698        5.66623e-005
                 689             1.40835             1.40698         5.6615e-005
                 690             1.40546             1.40698        5.65757e-005
                 691             1.40847             1.40698        5.65352e-005
                 692             1.40936             1.40698        5.65582e-005
                 693             1.40787             1.40699        5.64909e-005
                 694             1.40868             1.40699        5.64626e-005
                 695             1.40769             1.40699        5.63904e-005
                 696             1.40798             1.40699        5.63273e-005
                 697              1.4068             1.40699        5.62472e-005
                 698             1.40692             1.40699        5.61667e-005
                 699             1.40642             1.40699        5.60923e-005
                 700             1.40682             1.40699        5.60127e-005
                 701             1.40739             1.40699        5.59357e-005
                 702             1.40758             1.40699        5.58623e-005
                 703             1.40662             1.40699        5.57853e-005
                 704             1.40802             1.40699        5.57253e-005
                 705             1.40655             1.40699        5.56498e-005
                 706             1.40631             1.40699        5.55793e-005
                 707             1.40742             1.40699         5.5504e-005
                 708             1.40729             1.40699        5.54272e-005
                 709             1.40439             1.40699        5.54701e-005
                 710             1.41057             1.40699        5.56208e-005
                 711             1.40402             1.40699        5.56992e-005
                 712             1.40935             1.40699        5.57193e-005
                 713             1.40615             1.40699        5.56538e-005
                 714             1.40691             1.40699         5.5576e-005
                 715             1.40636             1.40699        5.55054e-005
                 716             1.40761             1.40699        5.54347e-005
                 717             1.40713             1.40699        5.53577e-005
                 718             1.40808             1.40699        5.53015e-005
                 719             1.40735             1.40699        5.52268e-005
                 720              1.4065             1.40699        5.51544e-005
                 721              1.4105               1.407        5.52917e-005
                 722             1.40705               1.407        5.52152e-005
                 723             1.40701               1.407        5.51388e-005
                 724             1.40753               1.407        5.50675e-005
                 725             1.40806               1.407         5.5011e-005
                 726             1.40772               1.407        5.49441e-005
                 727             1.40729               1.407          5.487e-005
                 728             1.40685               1.407         5.4795e-005
                 729             1.40806               1.407        5.47391e-005
                 730             1.40607               1.407         5.4679e-005
                 731             1.40857               1.407        5.46462e-005
                 732             1.40422               1.407        5.47032e-005
                 733             1.40864               1.407        5.46743e-005
                 734             1.40536               1.407        5.46457e-005
                 735             1.40909               1.407        5.46454e-005
                 736             1.40614               1.407        5.45836e-005
                 737             1.40772               1.407        5.45182e-005
                 738             1.40597               1.407        5.44621e-005
                 739             1.40963               1.407        5.45043e-005
                 740             1.40444               1.407        5.45403e-005
                 741             1.40737               1.407         5.4469e-005
                 742             1.40836               1.407        5.44266e-005
                 743             1.40781               1.407        5.43642e-005
                 744             1.40675               1.407        5.42922e-005
                 745             1.40805               1.407        5.42376e-005
                 746             1.40504               1.407        5.42286e-005
                 747             1.40802               1.407        5.41731e-005
                 748             1.40545               1.407        5.41406e-005
                 749             1.41118             1.40701         5.4355e-005
                 750             1.40254               1.407        5.46085e-005
                 751             1.40742               1.407        5.45386e-005
                 752             1.40862               1.407        5.45085e-005
                 753             1.40551               1.407        5.44724e-005
                 754             1.40771               1.407        5.44083e-005
                 755             1.40523               1.407         5.4387e-005
                 756             1.40886               1.407        5.43709e-005
                 757             1.40681               1.407        5.42997e-005
                 758             1.40568               1.407        5.42559e-005
                 759             1.40647               1.407         5.4189e-005
                 760             1.40573               1.407        5.41433e-005
                 761             1.40864               1.407        5.41149e-005
                 762             1.40681               1.407        5.40444e-005
                 763             1.40639               1.407        5.39795e-005
                 764             1.40875               1.407        5.39576e-005
                 765             1.40585               1.407         5.3908e-005
                 766             1.40848               1.407        5.38721e-005
                 767             1.40533               1.407         5.3846e-005
                 768             1.40724               1.407        5.37768e-005
                 769              1.4093               1.407        5.37896e-005
                 770             1.40601               1.407        5.37352e-005
                 771             1.40772               1.407        5.36736e-005
                 772              1.4059               1.407        5.36232e-005
                 773             1.40863               1.407        5.35953e-005
                 774             1.40558               1.407        5.35578e-005
                 775             1.40803               1.407        5.35051e-005
                 776             1.40644               1.407        5.34411e-005
                 777             1.40774               1.407        5.33808e-005
                 778              1.4095             1.40701        5.34083e-005
                 779             1.40539               1.407          5.338e-005
                 780             1.40685               1.407         5.3312e-005
                 781             1.40725               1.407        5.32447e-005
                 782             1.40515               1.407        5.32293e-005
                 783             1.40647               1.407        5.31656e-005
                 784             1.40919               1.407        5.31712e-005
                 785             1.40581               1.407        5.31253e-005
                 786             1.40653               1.407        5.30612e-005
                 787              1.4061               1.407        5.30061e-005
                 788             1.40872               1.407         5.2984e-005
                 789             1.40443               1.407        5.30171e-005
                 790             1.40898               1.407        5.30089e-005
                 791             1.40622               1.407        5.29511e-005
                 792             1.40873               1.407         5.2929e-005
                 793             1.40564               1.407          5.289e-005
                 794             1.40651               1.407        5.28271e-005
                 795             1.40895               1.407        5.28176e-005
                 796             1.40698               1.407        5.27512e-005
                 797             1.40795               1.407        5.26986e-005
                 798             1.40677               1.407        5.26334e-005
                 799             1.40837             1.40701        5.25954e-005
                 800             1.40601             1.40701        5.25444e-005
                 801             1.40753             1.40701        5.24829e-005
                 802             1.40698             1.40701        5.24174e-005
                 803             1.40631               1.407        5.23594e-005
                 804             1.40654               1.407        5.22975e-005
                 805             1.40678               1.407        5.22332e-005
                 806             1.40451               1.407        5.22599e-005
                 807             1.41059             1.40701        5.23838e-005
                 808             1.40535               1.407        5.23591e-005
                 809             1.40396               1.407        5.24296e-005
                 810             1.40819               1.407        5.23856e-005
                 811             1.40783               1.407        5.23311e-005
                 812             1.40334               1.407        5.24611e-005
                 813             1.40851               1.407        5.24294e-005
                 814             1.40681               1.407        5.23655e-005
                 815              1.4075               1.407        5.23048e-005
                 816             1.40875               1.407        5.22848e-005
                 817              1.4058               1.407        5.22414e-005
                 818             1.40887               1.407        5.22276e-005
                 819             1.40357               1.407        5.23322e-005
                 820             1.40676               1.407        5.22692e-005
                 821             1.40508               1.407        5.22576e-005
                 822             1.40635               1.407        5.21999e-005
                 823             1.40579             1.40699         5.2157e-005
                 824             1.40726             1.40699        5.20947e-005
                 825             1.40987               1.407         5.2148e-005
                 826             1.40604               1.407        5.20977e-005
                 827             1.40765               1.407        5.20407e-005
                 828              1.4074               1.407        5.19802e-005
                 829             1.40691               1.407        5.19176e-005
                 830             1.40573               1.407        5.18775e-005
                 831             1.40755               1.407        5.18194e-005
                 832             1.40721               1.407        5.17577e-005
                 833             1.40796               1.407        5.17086e-005
                 834             1.40806               1.407        5.16623e-005
                 835             1.40761               1.407        5.16055e-005
                 836             1.40747               1.407        5.15468e-005
                 837             1.40773               1.407        5.14926e-005
                 838             1.40724               1.407         5.1432e-005
                 839             1.40771               1.407        5.13776e-005
                 840             1.40573               1.407        5.13386e-005
                 841             1.40942               1.407        5.13579e-005
                 842              1.4048               1.407        5.13636e-005
                 843             1.40764               1.407        5.13082e-005
                 844             1.40666               1.407         5.1249e-005
                 845             1.40678               1.407        5.11891e-005
                 846             1.40783               1.407        5.11378e-005
                 847              1.4059               1.407        5.10939e-005
                 848             1.40681               1.407        5.10341e-005
                 849             1.40767               1.407        5.09802e-005
                 850              1.4061               1.407        5.09313e-005
                 851             1.40695               1.407        5.08715e-005
                 852             1.40617               1.407         5.0821e-005
                 853             1.40728               1.407        5.07625e-005
                 854             1.41003               1.407        5.08268e-005
                 855             1.40519               1.407        5.08117e-005
                 856             1.40735               1.407         5.0754e-005
                 857             1.41085             1.40701        5.08933e-005
                 858             1.40446               1.407        5.09207e-005
                 859              1.4082               1.407        5.08805e-005
                 860             1.40838             1.40701        5.08466e-005
                 861             1.40481               1.407        5.08512e-005
                 862             1.40708               1.407        5.07923e-005
                 863             1.40925             1.40701           5.08e-005
                 864             1.40484               1.407         5.0803e-005
                 865              1.4094             1.40701        5.08195e-005
                 866             1.40519               1.407         5.0804e-005
                 867             1.40956             1.40701        5.08307e-005
                 868             1.40414               1.407        5.08792e-005
                 869              1.4063               1.407        5.08271e-005
                 870             1.40616               1.407         5.0778e-005
                 871             1.40839               1.407        5.07447e-005
                 872             1.40635               1.407        5.06921e-005
                 873             1.40629               1.407        5.06406e-005
                 874             1.40852               1.407        5.06124e-005
                 875             1.40626               1.407        5.05617e-005
                 876             1.40869             1.40701        5.05405e-005
                 877             1.40623               1.407        5.04906e-005
                 878             1.41057             1.40701         5.0596e-005
                 879             1.40466             1.40701         5.0609e-005
                 880              1.4091             1.40701        5.06074e-005
                 881              1.4057             1.40701        5.05717e-005
                 882             1.40695             1.40701        5.05144e-005
                 883             1.40761             1.40701        5.04619e-005
                 884             1.40624             1.40701        5.04122e-005
                 885             1.40677             1.40701         5.0356e-005
                 886             1.40778             1.40701        5.03067e-005
                 887             1.40666             1.40701        5.02515e-005
                 888             1.40594             1.40701        5.02092e-005
                 889             1.41003             1.40701        5.02677e-005
                 890             1.40719             1.40701        5.02116e-005
                 891             1.40354             1.40701        5.03064e-005
                 892             1.40798             1.40701        5.02619e-005
                 893             1.40474               1.407        5.02695e-005
                 894             1.40768               1.407        5.02191e-005
                 895             1.40671               1.407        5.01641e-005
                 896             1.40972             1.40701        5.01993e-005
                 897             1.40857             1.40701        5.01735e-005
                 898             1.40926             1.40701        5.01804e-005
                 899             1.40739             1.40701        5.01263e-005
                 900             1.40849             1.40701        5.00975e-005
                 901             1.40476             1.40701         5.0104e-005
                 902             1.40611             1.40701        5.00584e-005
                 903             1.40606             1.40701        5.00141e-005
                 904             1.40614             1.40701        4.99681e-005
                 905             1.40614             1.40701        4.99222e-005
                 906             1.40834             1.40701        4.98887e-005
                 907             1.40645             1.40701        4.98374e-005
                 908             1.40935             1.40701        4.98494e-005
                 909             1.40566             1.40701        4.98169e-005
                 910             1.40753             1.40701        4.97654e-005
                 911             1.40581             1.40701        4.97282e-005
                 912             1.40801             1.40701        4.96857e-005
                 913             1.40555             1.40701         4.9657e-005
                 914             1.40652             1.40701        4.96056e-005
                 915             1.40834             1.40701        4.95726e-005
                 916              1.4057             1.40701        4.95389e-005
                 917              1.4082             1.40701        4.95021e-005
                 918             1.40634             1.40701        4.94535e-005
                 919             1.40748             1.40701        4.94024e-005
                 920             1.40584             1.40701        4.93651e-005
                 921              1.4085             1.40701        4.93383e-005
                 922             1.40702             1.40701        4.92848e-005
                 923             1.40657             1.40701        4.92337e-005
                 924             1.40805             1.40701        4.91933e-005
                 925             1.40793             1.40701        4.91502e-005
                 926             1.40782             1.40701        4.91049e-005
                 927             1.40775             1.40701        4.90583e-005
                 928             1.40696             1.40701        4.90055e-005
                 929             1.40739             1.40701        4.89544e-005
                 930             1.40653             1.40701        4.89045e-005
                 931             1.40579             1.40701        4.88695e-005
                 932              1.4086             1.40701         4.8847e-005
                 933             1.40494             1.40701        4.88449e-005
                 934             1.40729             1.40701        4.87935e-005
                 935             1.40664             1.40701        4.87429e-005
                 936             1.40723             1.40701        4.86914e-005
                 937             1.40866             1.40701        4.86715e-005
                 938             1.40607             1.40701        4.86299e-005
                 939             1.40586             1.40701        4.85935e-005
                 940             1.40991             1.40701        4.86399e-005
                 941             1.40439             1.40701         4.8668e-005
                 942             1.40945             1.40701         4.8685e-005
                 943             1.40569             1.40701        4.86537e-005
                 944              1.4081             1.40701        4.86158e-005
                 945             1.40615             1.40701         4.8573e-005
                 946             1.40742             1.40701        4.85236e-005
                 947             1.40693             1.40701        4.84725e-005
                 948             1.40654             1.40701        4.84239e-005
                 949             1.40886             1.40701        4.84119e-005
                 950             1.40711             1.40701        4.83611e-005
                 951             1.40877             1.40702        4.83453e-005
                 952             1.40685             1.40701        4.82948e-005
                 953             1.40778             1.40702        4.82508e-005
                 954             1.40649             1.40702        4.82034e-005
                 955             1.40562             1.40701        4.81751e-005
                 956             1.40777             1.40701        4.81312e-005
                 957             1.40942             1.40702        4.81464e-005
                 958              1.4065             1.40702        4.80992e-005
                 959             1.40766             1.40702        4.80537e-005
                 960             1.40704             1.40702        4.80036e-005
                 961             1.40622             1.40702        4.79609e-005
                 962             1.40814             1.40702        4.79253e-005
                 963             1.40604             1.40702        4.78862e-005
                 964             1.40771             1.40702        4.78419e-005
                 965             1.40721             1.40702        4.77928e-005
                 966             1.40745             1.40702        4.77454e-005
                 967             1.40609             1.40702        4.77056e-005
                 968             1.40825             1.40702        4.76735e-005
                 969             1.40512             1.40702        4.76644e-005
                 970             1.40694             1.40702        4.76153e-005
                 971             1.40866             1.40702        4.75963e-005
                 972             1.40397             1.40701        4.76503e-005
                 973             1.40518             1.40701        4.76388e-005
                 974             1.40861             1.40701        4.76179e-005
                 975             1.40474             1.40701        4.76263e-005
                 976              1.4093             1.40701         4.7635e-005
                 977             1.40675             1.40701         4.7587e-005
                 978             1.40836             1.40702        4.75581e-005
                 979             1.40774             1.40702        4.75153e-005
                 980             1.40809             1.40702        4.74794e-005
                 981             1.40789             1.40702        4.74393e-005
                 982             1.40505             1.40702        4.74332e-005
                 983             1.40758             1.40702        4.73884e-005
                 984             1.40736             1.40702        4.73415e-005
                 985             1.40759             1.40702         4.7297e-005
                 986             1.40601             1.40702        4.72602e-005
                 987             1.40809             1.40702        4.72249e-005
                 988             1.40789             1.40702        4.71852e-005
                 989             1.40534             1.40702        4.71682e-005
                 990             1.40592             1.40702        4.71336e-005
                 991             1.40988             1.40702        4.71747e-005
                 992             1.40611             1.40702         4.7136e-005
                 993             1.40755             1.40702        4.70916e-005
                 994             1.40724             1.40702        4.70447e-005
                 995             1.40798             1.40702        4.70074e-005
                 996             1.40847             1.40702        4.69829e-005
                 997             1.40479             1.40702        4.69891e-005
                 998             1.40877             1.40702        4.69749e-005
                 999             1.40391             1.40702        4.70312e-005
                1000             1.40627             1.40702        4.69901e-005
