                   1          -0.0321807          -0.0321807                   0
                   2          -0.0344386          -0.0333097         0.000798305
                   3          -0.0392728          -0.0352974          0.00170799
                   4          -0.0478791          -0.0384428           0.0030102
                   5          -0.0633523          -0.0434247          0.00506505
                   6          -0.0913996          -0.0514205          0.00843169
                   7           -0.139343          -0.0639808           0.0136914
                   8           -0.168728          -0.0770742           0.0171326
                   9           -0.244394          -0.0956653           0.0232196
                  10           -0.251625           -0.111261           0.0256051
                  11           -0.286987           -0.127236           0.0278179
                  12           -0.301618           -0.141768           0.0290485
                  13           -0.297307           -0.153733           0.0291741
                  14           -0.286041           -0.163183             0.02858
                  15           -0.321306           -0.173725           0.0285526
                  16           -0.320285           -0.182885           0.0281991
                  17           -0.358039           -0.193188           0.0283602
                  18           -0.345067           -0.201626           0.0280118
                  19           -0.349148            -0.20939           0.0275925
                  20           -0.349409           -0.216391           0.0270865
                  21           -0.327176           -0.221666           0.0263054
                  22           -0.332882           -0.226722           0.0255908
                  23           -0.313673           -0.230502           0.0247559
                  24           -0.309247           -0.233783           0.0239408
                  25           -0.304336           -0.236605           0.0231489
                  26           -0.327904           -0.240117           0.0225233
                  27           -0.326038           -0.243299           0.0219128
                  28           -0.341451           -0.246805           0.0214087
                  29           -0.353827           -0.250495           0.0209862
                  30           -0.346415           -0.253692           0.0205287
                  31            -0.34504           -0.256639           0.0200769
                  32           -0.345104           -0.259403           0.0196389
                  33           -0.337199           -0.261761           0.0191848
                  34           -0.371884              -0.265           0.0188919
                  35           -0.349424           -0.267412           0.0185055
                  36            -0.35972           -0.269976           0.0181682
                  37           -0.338016           -0.271815             0.01777
                  38           -0.345325           -0.273749           0.0174074
                  39           -0.346642           -0.275618           0.0170611
                  40           -0.311476           -0.276515           0.0166581
                  41           -0.319967           -0.277575           0.0162855
                  42           -0.322247           -0.278638           0.0159324
                  43           -0.333345           -0.279911           0.0156126
                  44           -0.315036           -0.280709           0.0152782
                  45           -0.343692           -0.282108           0.0150026
                  46           -0.320295           -0.282939           0.0146994
                  47           -0.323836           -0.283809           0.0144124
                  48           -0.337341           -0.284924           0.0141552
                  49           -0.371413           -0.286689            0.013976
                  50           -0.384175           -0.288639           0.0138318
                  51           -0.374619           -0.290325           0.0136629
                  52           -0.382139            -0.29209           0.0135138
                  53           -0.404266           -0.294207           0.0134235
                  54           -0.390223           -0.295985           0.0132922
                  55           -0.342839           -0.296837           0.0130778
                  56           -0.379312            -0.29831           0.0129269
                  57           -0.321857           -0.298723           0.0127067
                  58           -0.374933           -0.300037           0.0125554
                  59           -0.323006           -0.300426           0.0123486
                  60           -0.334322           -0.300991           0.0121557
                  61           -0.338373           -0.301604           0.0119719
                  62           -0.328962           -0.302045           0.0117869
                  63           -0.324808           -0.302406           0.0116054
                  64           -0.342456           -0.303032           0.0114409
                  65           -0.327661           -0.303411           0.0112711
                  66           -0.352164            -0.30415           0.0111246
                  67           -0.352284           -0.304868           0.0109817
                  68            -0.34525           -0.305462           0.0108362
                  69           -0.347449            -0.30607           0.0106963
                  70           -0.368118           -0.306957           0.0105801
                  71           -0.378635           -0.307966           0.0104792
                  72           -0.395612           -0.309184           0.0104041
                  73           -0.366931           -0.309975           0.0102916
                  74           -0.406566            -0.31128           0.0102349
                  75           -0.423568           -0.312777           0.0102074
                  76           -0.350446           -0.313273           0.0100851
                  77           -0.401454           -0.314418            0.010019
                  78            -0.39375           -0.315435            0.009942
                  79           -0.388547           -0.316361          0.00985913
                  80           -0.374427           -0.317086          0.00976257
                  81           -0.402429            -0.31814          0.00969873
                  82           -0.418449           -0.319363          0.00965729
                  83           -0.382697           -0.320126          0.00957104
                  84           -0.377895           -0.320814          0.00948177
                  85           -0.390084           -0.321629          0.00940518
                  86           -0.387422           -0.322394          0.00932688
                  87           -0.381673           -0.323075          0.00924453
                  88             -0.4206           -0.324184          0.00920566
                  89           -0.416588           -0.325222          0.00916059
                  90           -0.444239           -0.326544          0.00915376
                  91            -0.46739           -0.328092          0.00918309
                  92           -0.444994           -0.329363          0.00917076
                  93           -0.480964           -0.330993          0.00921589
                  94           -0.442112           -0.332175          0.00919335
                  95           -0.495197           -0.333891          0.00925535
                  96           -0.487237           -0.335488          0.00929576
                  97           -0.501178           -0.337197          0.00935555
                  98           -0.496309            -0.33882          0.00939991
                  99           -0.491187           -0.340359          0.00943012
                 100           -0.502155           -0.341977           0.0094736
                 101           -0.465447             -0.3432          0.00945835
                 102           -0.474811            -0.34449          0.00945322
                 103           -0.484215           -0.345847          0.00945828
                 104           -0.450523           -0.346853          0.00942073
                 105           -0.451072           -0.347846          0.00938315
                 106           -0.415045            -0.34848          0.00931602
                 107           -0.423038           -0.349176          0.00925498
                 108           -0.424225           -0.349871          0.00919534
                 109           -0.427158            -0.35058          0.00913827
                 110           -0.447566           -0.351462          0.00909763
                 111           -0.445999           -0.352314          0.00905545
                 112            -0.46102           -0.353284          0.00902646
                 113           -0.463349           -0.354258          0.00899898
                 114            -0.47737           -0.355338          0.00898461
                 115           -0.447274           -0.356138          0.00894198
                 116           -0.449076           -0.356939          0.00890071
                 117            -0.44532           -0.357694          0.00885663
                 118           -0.450862           -0.358484           0.0088167
                 119           -0.422852           -0.359025          0.00875919
                 120           -0.444525           -0.359737          0.00871513
                 121           -0.420559            -0.36024          0.00865758
                 122           -0.396652           -0.360538          0.00859176
                 123           -0.395051           -0.360819          0.00852649
                 124           -0.385836           -0.361021          0.00846012
                 125           -0.401089           -0.361341          0.00839851
                 126           -0.388422           -0.361556           0.0083346
                 127           -0.382454           -0.361721           0.0082706
                 128           -0.404783           -0.362057          0.00821282
                 129           -0.397843           -0.362335          0.00815384
                 130           -0.422314           -0.362796          0.00810416
                 131           -0.424132           -0.363264          0.00805581
                 132           -0.442822           -0.363867           0.0080173
                 133           -0.455252           -0.364554          0.00798641
                 134           -0.433562           -0.365069          0.00794339
                 135           -0.428874           -0.365542           0.0078986
                 136           -0.418833           -0.365933          0.00785024
                 137           -0.438686           -0.366464          0.00781088
                 138           -0.433154           -0.366948          0.00776921
                 139           -0.413576           -0.367283          0.00772056
                 140            -0.43496           -0.367767          0.00768053
                 141           -0.401522           -0.368006          0.00762979
                 142           -0.394478           -0.368192          0.00757833
                 143           -0.397834             -0.3684          0.00752817
                 144           -0.367001            -0.36839           0.0074759
                 145           -0.370361           -0.368404          0.00742436
                 146           -0.361046           -0.368353          0.00737367
                 147           -0.356274           -0.368271          0.00732397
                 148           -0.375884           -0.368322          0.00727467
                 149           -0.367973            -0.36832          0.00722584
                 150           -0.378059           -0.368385          0.00717796
                 151           -0.383422           -0.368485          0.00713112
                 152           -0.378885           -0.368553          0.00708453
                 153           -0.372926           -0.368582          0.00703828
                 154           -0.383927           -0.368681          0.00699329
                 155           -0.375476           -0.368725           0.0069483
                 156           -0.362873           -0.368688          0.00690387
                 157           -0.387174           -0.368805           0.0068609
                 158           -0.385283            -0.36891          0.00681827
                 159           -0.390798           -0.369047          0.00677677
                 160           -0.367996           -0.369041          0.00673442
                 161           -0.374449           -0.369074          0.00669268
                 162           -0.374876            -0.36911          0.00665146
                 163            -0.38473           -0.369206          0.00661134
                 164           -0.373091            -0.36923          0.00657107
                 165           -0.361223           -0.369181          0.00653143
                 166           -0.355538           -0.369099           0.0064926
                 167           -0.378948           -0.369158          0.00645399
                 168           -0.386592           -0.369262          0.00641641
                 169           -0.394564           -0.369411          0.00638019
                 170           -0.396298            -0.36957          0.00634461
                 171           -0.413765           -0.369828          0.00631277
                 172           -0.417761           -0.370107          0.00628222
                 173           -0.426044            -0.37043          0.00625422
                 174           -0.415461           -0.370689          0.00622363
                 175           -0.411889           -0.370924          0.00619252
                 176           -0.393961           -0.371055          0.00615872
                 177           -0.358791           -0.370986          0.00612431
                 178           -0.358892           -0.370918          0.00609028
                 179           -0.351417           -0.370809          0.00605723
                 180           -0.374703           -0.370831          0.00602362
                 181           -0.347522           -0.370702          0.00599172
                 182           -0.368824           -0.370691           0.0059588
                 183           -0.377408           -0.370728          0.00592635
                 184           -0.375993           -0.370757          0.00589422
                 185             -0.3559           -0.370676           0.0058629
                 186           -0.392135           -0.370792          0.00583252
                 187           -0.351987           -0.370691          0.00580219
                 188           -0.341798           -0.370538          0.00577337
                 189            -0.34552           -0.370405          0.00574434
                 190           -0.339946           -0.370245          0.00571634
                 191           -0.348012           -0.370129           0.0056876
                 192           -0.352864           -0.370039          0.00565868
                 193           -0.369154           -0.370034          0.00562937
                 194            -0.38074           -0.370089          0.00560062
                 195            -0.40065           -0.370246          0.00557409
                 196           -0.409348           -0.370445          0.00554922
                 197           -0.391899           -0.370554          0.00552212
                 198             -0.4103           -0.370755          0.00549788
                 199           -0.396554           -0.370885          0.00547178
                 200           -0.398834           -0.371024           0.0054462
                 201           -0.407047           -0.371204          0.00542206
                 202           -0.391307           -0.371303          0.00539613
                 203           -0.366427           -0.371279           0.0053696
                 204            -0.35071           -0.371178          0.00534422
                 205           -0.352855           -0.371089           0.0053189
                 206           -0.358886            -0.37103          0.00529341
                 207           -0.353067           -0.370943          0.00526855
                 208           -0.394943           -0.371058          0.00524448
                 209           -0.409293           -0.371241          0.00522258
                 210           -0.371269           -0.371241          0.00519771
                 211           -0.407414           -0.371413           0.0051759
                 212           -0.398008           -0.371538          0.00515301
                 213           -0.374119            -0.37155          0.00512883
                 214            -0.34325           -0.371418          0.00510657
                 215           -0.351495           -0.371326          0.00508366
                 216           -0.342988           -0.371194          0.00506182
                 217           -0.373237           -0.371204           0.0050385
                 218            -0.37235           -0.371209          0.00501539
                 219            -0.37821           -0.371241          0.00499259
                 220           -0.350697           -0.371148          0.00497077
                 221           -0.362333           -0.371108          0.00494844
                 222           -0.346928           -0.370999          0.00492735
                 223           -0.369716           -0.370993          0.00490525
                 224           -0.368773           -0.370983          0.00488336
                 225           -0.371952           -0.370987          0.00486166
                 226           -0.395769           -0.371097          0.00484139
                 227           -0.410804           -0.371272          0.00482322
                 228           -0.384948           -0.371332          0.00480244
                 229           -0.387186           -0.371401          0.00478196
                 230            -0.37696           -0.371425          0.00476123
                 231           -0.396415           -0.371534          0.00474185
                 232            -0.39491           -0.371634          0.00472248
                 233            -0.38935            -0.37171          0.00470283
                 234           -0.403715           -0.371847          0.00468472
                 235           -0.413511           -0.372024          0.00466814
                 236           -0.412379           -0.372195          0.00465149
                 237           -0.424997           -0.372418          0.00463719
                 238            -0.41342            -0.37259          0.00462091
                 239           -0.411306           -0.372752          0.00460441
                 240           -0.363086           -0.372712           0.0045854
                 241           -0.372604           -0.372712          0.00456638
                 242           -0.359358           -0.372657          0.00454784
                 243           -0.333617           -0.372496          0.00453196
                 244            -0.34896           -0.372399          0.00451442
                 245            -0.29676           -0.372091          0.00450653
                 246           -0.327655            -0.37191          0.00449183
                 247            -0.31901           -0.371696          0.00447875
                 248           -0.315932           -0.371471          0.00446633
                 249           -0.305814           -0.371207          0.00445617
                 250           -0.327696           -0.371033          0.00444174
                 251           -0.324384           -0.370847          0.00442793
                 252           -0.315433           -0.370628          0.00441582
                 253           -0.297513           -0.370339          0.00440781
                 254            -0.31738            -0.37013          0.00439539
                 255           -0.316976           -0.369922          0.00438309
                 256           -0.323221           -0.369739          0.00436976
                 257           -0.305466           -0.369489          0.00435991
                 258           -0.333229           -0.369349          0.00434528
                 259            -0.32413           -0.369174          0.00433201
                 260           -0.321638           -0.368991           0.0043192
                 261            -0.31209           -0.368773          0.00430815
                 262           -0.318287            -0.36858          0.00429601
                 263           -0.312535           -0.368367          0.00428496
                 264           -0.322678           -0.368194          0.00427222
                 265           -0.308688            -0.36797            0.004262
                 266           -0.364021           -0.367955            0.004246
                 267           -0.328196           -0.367806          0.00423271
                 268           -0.321512           -0.367633          0.00422044
                 269            -0.32966           -0.367492          0.00420711
                 270           -0.342122           -0.367398          0.00419258
                 271           -0.333674           -0.367274          0.00417895
                 272           -0.365938           -0.367269          0.00416359
                 273           -0.312289           -0.367067          0.00415321
                 274           -0.359523            -0.36704          0.00413814
                 275           -0.366444           -0.367038           0.0041231
                 276           -0.355498           -0.366996          0.00410837
                 277           -0.340556             -0.3669          0.00409465
                 278           -0.349468           -0.366838           0.0040804
                 279           -0.360943           -0.366817          0.00406583
                 280           -0.357887           -0.366785          0.00405143
                 281           -0.370981             -0.3668          0.00403704
                 282           -0.355385           -0.366759          0.00402293
                 283           -0.376739           -0.366794          0.00400887
                 284           -0.360473           -0.366772          0.00399481
                 285           -0.323362            -0.36662           0.0039837
                 286           -0.331907           -0.366498          0.00397162
                 287           -0.322695           -0.366346          0.00396071
                 288           -0.323117           -0.366196           0.0039498
                 289           -0.353466           -0.366152          0.00393638
                 290           -0.362976           -0.366141          0.00392282
                 291           -0.367245           -0.366145          0.00390934
                 292           -0.389112           -0.366223          0.00389675
                 293            -0.38409           -0.366284          0.00388393
                 294           -0.404982           -0.366416          0.00387294
                 295           -0.391998           -0.366503          0.00386079
                 296           -0.400554           -0.366618          0.00384946
                 297           -0.377517           -0.366654          0.00383667
                 298           -0.364387           -0.366647           0.0038238
                 299           -0.379827           -0.366691          0.00381127
                 300           -0.356043           -0.366655          0.00379873
                 301           -0.359342           -0.366631          0.00378619
                 302           -0.359754           -0.366608          0.00377372
                 303           -0.345056           -0.366537          0.00376193
                 304           -0.376493            -0.36657           0.0037497
                 305           -0.392211           -0.366654          0.00373835
                 306           -0.414658           -0.366811          0.00372942
                 307           -0.427818           -0.367009          0.00372257
                 308           -0.425855             -0.3672          0.00371538
                 309           -0.449308           -0.367466          0.00371285
                 310           -0.400144           -0.367572          0.00370236
                 311            -0.43458           -0.367787          0.00369672
                 312           -0.388807           -0.367854          0.00368549
                 313           -0.384818           -0.367909          0.00367411
                 314           -0.388269           -0.367973          0.00366298
                 315            -0.35322           -0.367927          0.00365166
                 316           -0.366722           -0.367923           0.0036401
                 317           -0.353584           -0.367878           0.0036289
                 318           -0.328842           -0.367755          0.00361956
                 319           -0.357906           -0.367724          0.00360835
                 320           -0.319742           -0.367574          0.00360019
                 321           -0.345105           -0.367504          0.00358965
                 322           -0.338209           -0.367413          0.00357966
                 323           -0.341078           -0.367332           0.0035695
                 324           -0.313405           -0.367165          0.00356236
                 325           -0.326919           -0.367041          0.00355355
                 326           -0.308496           -0.366862          0.00354719
                 327           -0.328527           -0.366744          0.00353828
                 328           -0.344824           -0.366678          0.00352812
                 329           -0.360856            -0.36666          0.00351744
                 330            -0.36338            -0.36665           0.0035068
                 331           -0.371718           -0.366665          0.00349624
                 332           -0.368915           -0.366672          0.00348571
                 333           -0.368953           -0.366679          0.00347525
                 334            -0.36871           -0.366685          0.00346485
                 335           -0.373351           -0.366705          0.00345457
                 336           -0.329644           -0.366595          0.00344604
                 337           -0.348978           -0.366542          0.00343622
                 338           -0.320058           -0.366405           0.0034288
                 339           -0.324977           -0.366283          0.00342086
                 340           -0.356144           -0.366253          0.00341093
                 341           -0.362399           -0.366241          0.00340095
                 342           -0.372612            -0.36626          0.00339105
                 343           -0.401344           -0.366362          0.00338271
                 344           -0.417971           -0.366512           0.0033762
                 345           -0.381951           -0.366557          0.00336671
                 346           -0.380962           -0.366599          0.00335724
                 347           -0.366461           -0.366598          0.00334756
                 348           -0.360391           -0.366581          0.00333799
                 349           -0.374127           -0.366602           0.0033285
                 350           -0.359209           -0.366581          0.00331905
                 351             -0.3931           -0.366657          0.00331046
                 352           -0.375258           -0.366681          0.00330114
                 353           -0.359266            -0.36666          0.00329186
                 354           -0.337514           -0.366578          0.00328359
                 355           -0.332556           -0.366482          0.00327574
                 356           -0.328198           -0.366374           0.0032683
                 357            -0.32645           -0.366262          0.00326106
                 358           -0.319352           -0.366131          0.00325458
                 359           -0.316922           -0.365994           0.0032484
                 360           -0.303821           -0.365822          0.00324397
                 361           -0.321705           -0.365699          0.00323728
                 362           -0.342802           -0.365636          0.00322896
                 363           -0.366205           -0.365638          0.00322006
                 364           -0.385319           -0.365692          0.00321167
                 365           -0.395301           -0.365773          0.00320389
                 366            -0.38107           -0.365815          0.00319541
                 367           -0.347195           -0.365764          0.00318711
                 368           -0.357511           -0.365742          0.00317853
                 369           -0.353183           -0.365708          0.00317009
                 370           -0.356423           -0.365682          0.00316163
                 371             -0.3539           -0.365651          0.00315326
                 372           -0.331223           -0.365558          0.00314615
                 373           -0.349217           -0.365514          0.00313802
                 374           -0.334536           -0.365432          0.00313072
                 375           -0.342745           -0.365371          0.00312295
                 376           -0.323899           -0.365261           0.0031166
                 377            -0.31505           -0.365128          0.00311117
                 378           -0.316199           -0.364998          0.00310563
                 379           -0.320862           -0.364882          0.00309962
                 380           -0.348607           -0.364839          0.00309176
                 381           -0.344692           -0.364786           0.0030841
                 382           -0.302435           -0.364623          0.00308034
                 383           -0.353446           -0.364594          0.00307244
                 384            -0.32256           -0.364484          0.00306639
                 385           -0.349808           -0.364446          0.00305866
                 386           -0.359155           -0.364432          0.00305076
                 387           -0.380747           -0.364474          0.00304317
                 388           -0.360373           -0.364464          0.00303535
                 389           -0.375567           -0.364492          0.00302768
                 390           -0.369777           -0.364506          0.00301995
                 391           -0.380111           -0.364546          0.00301249
                 392            -0.39415           -0.364621          0.00300575
                 393           -0.419611           -0.364761          0.00300135
                 394           -0.395744            -0.36484          0.00299477
                 395           -0.430892           -0.365007          0.00299185
                 396           -0.402819           -0.365103          0.00298582
                 397           -0.433683           -0.365275          0.00298329
                 398           -0.436606           -0.365455          0.00298117
                 399           -0.425159           -0.365604          0.00297745
                 400           -0.450481           -0.365816          0.00297756
                 401           -0.402148           -0.365907          0.00297151
                 402           -0.424619           -0.366053          0.00296771
                 403           -0.410017           -0.366162          0.00296235
                 404           -0.390277           -0.366222          0.00295562
                 405           -0.402285           -0.366311          0.00294966
                 406             -0.3761           -0.366335           0.0029425
                 407           -0.388127           -0.366389          0.00293575
                 408           -0.363278           -0.366381          0.00292857
                 409           -0.350093           -0.366341          0.00292168
                 410           -0.315161           -0.366216          0.00291722
                 411           -0.331717           -0.366132          0.00291133
                 412           -0.320598           -0.366022          0.00290636
                 413           -0.303194            -0.36587           0.0029033
                 414            -0.34146           -0.365811          0.00289688
                 415           -0.319068           -0.365698          0.00289209
                 416           -0.373346           -0.365716           0.0028852
                 417           -0.385625           -0.365764          0.00287868
                 418            -0.38165           -0.365802          0.00287204
                 419           -0.386156           -0.365851           0.0028656
                 420           -0.409403           -0.365955          0.00286065
                 421           -0.376909           -0.365981          0.00285397
                 422           -0.389519           -0.366036          0.00284775
                 423           -0.371494           -0.366049          0.00284105
                 424           -0.323964            -0.36595          0.00283608
                 425           -0.372377           -0.365965          0.00282945
                 426           -0.350254           -0.365928          0.00282305
                 427            -0.34032           -0.365868          0.00281708
                 428           -0.370157           -0.365878          0.00281051
                 429            -0.39084           -0.365936          0.00280456
                 430           -0.361876           -0.365927          0.00279806
                 431           -0.350402           -0.365891           0.0027918
                 432           -0.386478           -0.365939          0.00278574
                 433            -0.37744           -0.365965          0.00277943
                 434           -0.371115           -0.365977          0.00277305
                 435           -0.388568           -0.366029          0.00276717
                 436           -0.397195             -0.3661          0.00276174
                 437           -0.395933           -0.366169          0.00275627
                 438           -0.404121           -0.366255          0.00275133
                 439           -0.383794           -0.366295          0.00274536
                 440            -0.37309           -0.366311          0.00273916
                 441           -0.391423           -0.366368          0.00273354
                 442           -0.365515           -0.366366          0.00272736
                 443            -0.39953           -0.366441          0.00272223
                 444            -0.40172            -0.36652          0.00271726
                 445           -0.403491           -0.366603          0.00271242
                 446           -0.394352           -0.366665          0.00270705
                 447           -0.397584           -0.366735          0.00270188
                 448            -0.42424           -0.366863           0.0026989
                 449           -0.423828            -0.36699          0.00269587
                 450            -0.43385           -0.367138          0.00269397
                 451           -0.465862           -0.367357          0.00269687
                 452           -0.447762           -0.367535          0.00269676
                 453           -0.469248            -0.36776          0.00270014
                 454           -0.456057           -0.367954          0.00270119
                 455           -0.459965           -0.368156          0.00270281
                 456           -0.444064           -0.368323          0.00270201
                 457           -0.469505           -0.368544          0.00270515
                 458           -0.425881           -0.368669          0.00270214
                 459           -0.453009           -0.368853          0.00270249
                 460           -0.442186           -0.369013          0.00270132
                 461           -0.428434           -0.369142          0.00269853
                 462           -0.413572           -0.369238           0.0026944
                 463           -0.400777           -0.369306          0.00268944
                 464           -0.357492            -0.36928          0.00268377
                 465            -0.34574            -0.36923          0.00267847
                 466           -0.352164           -0.369193          0.00267298
                 467           -0.354725           -0.369162          0.00266743
                 468           -0.331634           -0.369082          0.00266294
                 469           -0.386417           -0.369119          0.00265752
                 470           -0.388369            -0.36916          0.00265218
                 471           -0.388798           -0.369202          0.00264687
                 472            -0.42534           -0.369321          0.00264394
                 473           -0.404891           -0.369396          0.00263942
                 474           -0.405404           -0.369472          0.00263494
                 475           -0.417514           -0.369573          0.00263133
                 476           -0.411971           -0.369662          0.00262731
                 477           -0.444556           -0.369819          0.00262649
                 478           -0.439339           -0.369964          0.00262502
                 479           -0.418307           -0.370065          0.00262148
                 480           -0.433153           -0.370197          0.00261931
                 481           -0.421159           -0.370303          0.00261601
                 482           -0.410243           -0.370386          0.00261189
                 483            -0.39767           -0.370442           0.0026071
                 484           -0.412289           -0.370528          0.00260314
                 485           -0.439058            -0.37067          0.00260161
                 486            -0.45778           -0.370849          0.00260242
                 487           -0.472782           -0.371058          0.00260548
                 488           -0.454817            -0.37123          0.00260579
                 489           -0.496928           -0.371487          0.00261311
                 490           -0.462663           -0.371673          0.00261439
                 491            -0.45005           -0.371833          0.00261394
                 492           -0.469946           -0.372032          0.00261622
                 493           -0.452533           -0.372195            0.002616
                 494           -0.468862           -0.372391          0.00261802
                 495           -0.451532           -0.372551           0.0026176
                 496            -0.49485           -0.372798          0.00262391
                 497            -0.46165           -0.372976          0.00262472
                 498           -0.499686           -0.373231          0.00263175
                 499           -0.500696           -0.373486          0.00263884
                 500           -0.495982           -0.373731          0.00264491
                 501           -0.477138           -0.373938          0.00264768
                 502           -0.467924           -0.374125          0.00264901
                 503            -0.44651           -0.374269          0.00264765
                 504           -0.459108           -0.374437          0.00264775
                 505           -0.456897             -0.3746          0.00264753
                 506           -0.439565           -0.374729          0.00264541
                 507           -0.445722           -0.374869           0.0026439
                 508           -0.431866           -0.374981          0.00264107
                 509           -0.457712           -0.375143          0.00264088
                 510           -0.444033           -0.375279          0.00263915
                 511           -0.473186            -0.37547          0.00264094
                 512           -0.485972           -0.375686          0.00264458
                 513           -0.501578           -0.375931          0.00265079
                 514           -0.493248            -0.37616          0.00265544
                 515           -0.467024           -0.376336          0.00265614
                 516           -0.470579           -0.376519          0.00265726
                 517           -0.472744           -0.376705          0.00265863
                 518           -0.445838           -0.376838          0.00265685
                 519           -0.442205           -0.376964          0.00265471
                 520           -0.430066           -0.377066          0.00265157
                 521           -0.447041           -0.377201          0.00264988
                 522           -0.463421           -0.377366          0.00264995
                 523           -0.471379           -0.377546          0.00265097
                 524           -0.476879           -0.377735          0.00265268
                 525           -0.451712           -0.377876          0.00265137
                 526           -0.461843           -0.378036          0.00265113
                 527             -0.4663           -0.378203          0.00265138
                 528           -0.453785           -0.378346          0.00265022
                 529           -0.447959           -0.378478          0.00264848
                 530           -0.457221           -0.378627          0.00264764
                 531           -0.464071           -0.378787          0.00264754
                 532           -0.497443            -0.37901          0.00265194
                 533           -0.518261           -0.379272          0.00265981
                 534           -0.512781           -0.379522          0.00266655
                 535           -0.532206           -0.379807           0.0026768
                 536           -0.524438           -0.380077          0.00268537
                 537           -0.511685           -0.380322          0.00269153
                 538           -0.526111           -0.380593          0.00270013
                 539            -0.54851           -0.380905          0.00271303
                 540           -0.569641           -0.381254          0.00273043
                 541           -0.555326           -0.381576          0.00274428
                 542           -0.509982           -0.381813          0.00274942
                 543           -0.513241           -0.382055          0.00275499
                 544           -0.486716           -0.382247          0.00275664
                 545           -0.476258            -0.38242          0.00275697
                 546           -0.468409           -0.382577          0.00275641
                 547           -0.428062            -0.38266          0.00275263
                 548           -0.445696           -0.382775          0.00275001
                 549           -0.428568           -0.382859          0.00274626
                 550           -0.431265           -0.382947          0.00274268
                 551           -0.420989           -0.383016          0.00273857
                 552           -0.440319            -0.38312          0.00273558
                 553           -0.439273           -0.383221          0.00273251
                 554           -0.429863           -0.383305          0.00272888
                 555           -0.448023           -0.383422          0.00272645
                 556           -0.449482           -0.383541          0.00272414
                 557            -0.46908           -0.383694          0.00272357
                 558            -0.50765           -0.383916          0.00272773
                 559           -0.464796           -0.384061          0.00272669
                 560           -0.522257           -0.384308          0.00273296
                 561           -0.500025           -0.384514          0.00273587
                 562           -0.489264           -0.384701          0.00273734
                 563           -0.496264           -0.384899          0.00273964
                 564           -0.490551           -0.385086          0.00274118
                 565            -0.49108           -0.385274          0.00274274
                 566           -0.504052           -0.385484          0.00274591
                 567           -0.519821            -0.38572          0.00275127
                 568           -0.516683           -0.385951          0.00275607
                 569           -0.477893           -0.386113          0.00275596
                 570           -0.481275            -0.38628          0.00275618
                 571           -0.498628           -0.386476          0.00275836
                 572           -0.486807           -0.386652          0.00275911
                 573           -0.480128           -0.386815          0.00275912
                 574           -0.509637           -0.387029          0.00276259
                 575           -0.498208           -0.387222          0.00276455
                 576            -0.48851           -0.387398          0.00276534
                 577           -0.492587            -0.38758          0.00276655
                 578           -0.477608           -0.387736          0.00276614
                 579           -0.480351           -0.387896          0.00276598
                 580           -0.466541           -0.388032          0.00276454
                 581           -0.475404           -0.388182          0.00276387
                 582           -0.454776           -0.388296          0.00276148
                 583           -0.464974           -0.388428          0.00275988
                 584           -0.462798           -0.388555          0.00275809
                 585            -0.46418           -0.388685           0.0027564
                 586           -0.466766           -0.388818          0.00275492
                 587           -0.472778           -0.388961          0.00275393
                 588           -0.462624           -0.389086           0.0027521
                 589           -0.464652           -0.389214          0.00275041
                 590           -0.484247           -0.389376          0.00275046
                 591           -0.463717           -0.389501          0.00274869
                 592           -0.473115           -0.389643          0.00274767
                 593           -0.457364           -0.389757          0.00274541
                 594           -0.440771           -0.389843          0.00274213
                 595           -0.480893           -0.389996          0.00274179
                 596           -0.478083           -0.390143          0.00274117
                 597           -0.485336           -0.390303          0.00274121
                 598           -0.491147           -0.390472          0.00274181
                 599            -0.46013           -0.390588           0.0027397
                 600           -0.493866            -0.39076          0.00274053
                 601            -0.47875           -0.390906          0.00273988
                 602           -0.461429           -0.391024          0.00273783
                 603           -0.461103            -0.39114          0.00273576
                 604           -0.463288           -0.391259          0.00273383
                 605           -0.473091           -0.391394          0.00273266
                 606           -0.471799           -0.391527          0.00273137
                 607           -0.458734           -0.391638          0.00272911
                 608           -0.477087           -0.391778          0.00272824
                 609           -0.488077           -0.391937          0.00272834
                 610            -0.45331           -0.392037          0.00272572
                 611           -0.441366           -0.392118          0.00272245
                 612           -0.420398           -0.392164           0.0027184
                 613           -0.403623           -0.392183          0.00271403
                 614           -0.361065           -0.392132          0.00271008
                 615           -0.382787           -0.392117          0.00270572
                 616           -0.390886           -0.392115          0.00270132
                 617            -0.37042            -0.39208          0.00269718
                 618           -0.381175           -0.392062          0.00269287
                 619           -0.384955           -0.392051          0.00268854
                 620           -0.378958           -0.392029          0.00268429
                 621           -0.393314           -0.392032          0.00267997
                 622           -0.409096           -0.392059           0.0026758
                 623           -0.440946           -0.392137          0.00267266
                 624           -0.460632           -0.392247          0.00267063
                 625            -0.46219           -0.392359           0.0026687
                 626           -0.440178           -0.392436          0.00266553
                 627           -0.457423           -0.392539          0.00266329
                 628            -0.43583           -0.392608          0.00265994
                 629           -0.419348           -0.392651          0.00265605
                 630           -0.446141           -0.392736          0.00265319
                 631           -0.424719           -0.392786          0.00264947
                 632            -0.45934           -0.392892          0.00264737
                 633           -0.451808           -0.392985          0.00264482
                 634           -0.439203           -0.393057          0.00264166
                 635           -0.443773           -0.393137           0.0026387
                 636           -0.438768           -0.393209          0.00263553
                 637           -0.416275           -0.393245          0.00263164
                 638           -0.418237           -0.393284          0.00262781
                 639           -0.385524           -0.393272          0.00262372
                 640           -0.375939           -0.393245          0.00261976
                 641           -0.343438           -0.393168          0.00261683
                 642           -0.352883           -0.393105          0.00261351
                 643           -0.361329           -0.393055          0.00260991
                 644           -0.389418            -0.39305          0.00260586
                 645           -0.396442           -0.393055          0.00260183
                 646           -0.397183           -0.393061          0.00259781
                 647           -0.389981           -0.393057           0.0025938
                 648           -0.391796           -0.393055          0.00258979
                 649           -0.375807           -0.393028          0.00258594
                 650           -0.380335           -0.393009          0.00258204
                 651           -0.380362           -0.392989          0.00257814
                 652           -0.393091           -0.392989          0.00257419
                 653           -0.378102           -0.392967          0.00257035
                 654            -0.37396           -0.392937          0.00256658
                 655           -0.391434           -0.392935          0.00256266
                 656           -0.383967           -0.392921          0.00255879
                 657           -0.383009           -0.392906          0.00255494
                 658            -0.40064           -0.392918          0.00255109
                 659           -0.418308           -0.392957          0.00254751
                 660           -0.393571           -0.392958          0.00254365
                 661            -0.41774           -0.392995          0.00254008
                 662            -0.39462           -0.392998          0.00253624
                 663            -0.39271           -0.392997          0.00253241
                 664           -0.376115           -0.392972          0.00252873
                 665           -0.364098           -0.392928           0.0025253
                 666           -0.344141           -0.392855          0.00252257
                 667           -0.357033           -0.392801          0.00251936
                 668           -0.386899           -0.392792           0.0025156
                 669           -0.392616           -0.392792          0.00251184
                 670           -0.393966           -0.392794          0.00250809
                 671           -0.393614           -0.392795          0.00250436
                 672           -0.395253           -0.392799          0.00250063
                 673           -0.384616           -0.392787          0.00249695
                 674           -0.384269           -0.392774          0.00249327
                 675           -0.386321           -0.392764           0.0024896
                 676           -0.410926           -0.392791          0.00248606
                 677            -0.40731           -0.392813          0.00248248
                 678           -0.420341           -0.392853          0.00247915
                 679           -0.402503           -0.392868          0.00247554
                 680           -0.431829           -0.392925          0.00247256
                 681           -0.434874           -0.392987           0.0024697
                 682           -0.448923           -0.393069          0.00246744
                 683           -0.424557           -0.393115          0.00246426
                 684           -0.446025           -0.393192          0.00246187
                 685           -0.440227           -0.393261          0.00245923
                 686           -0.455796           -0.393352          0.00245734
                 687           -0.461546           -0.393451          0.00245576
                 688           -0.457997           -0.393545          0.00245399
                 689           -0.484859           -0.393677            0.002454
                 690           -0.509976           -0.393846          0.00245622
                 691           -0.497909           -0.393997          0.00245728
                 692            -0.47835           -0.394118          0.00245675
                 693           -0.445614           -0.394193          0.00245433
                 694           -0.423586           -0.394235          0.00245116
                 695           -0.397558            -0.39424          0.00244764
                 696           -0.383497           -0.394224          0.00244417
                 697           -0.376642           -0.394199          0.00244079
                 698           -0.381835           -0.394182          0.00243736
                 699           -0.410252           -0.394205          0.00243398
                 700           -0.414224           -0.394233          0.00243067
                 701           -0.395122           -0.394234          0.00242721
                 702           -0.408519           -0.394255          0.00242383
                 703           -0.407967           -0.394274          0.00242047
                 704           -0.388602           -0.394266          0.00241704
                 705           -0.401223           -0.394276          0.00241363
                 706           -0.394944           -0.394277          0.00241021
                 707           -0.415031           -0.394306          0.00240698
                 708           -0.408873           -0.394327          0.00240367
                 709            -0.43879            -0.39439           0.0024011
                 710           -0.429456           -0.394439          0.00239823
                 711           -0.421652           -0.394477          0.00239516
                 712           -0.431301           -0.394529          0.00239235
                 713           -0.426905           -0.394574          0.00238943
                 714           -0.438703           -0.394636          0.00238688
                 715           -0.468194           -0.394739          0.00238576
                 716           -0.418186           -0.394772          0.00238265
                 717           -0.454298           -0.394855          0.00238077
                 718           -0.444739           -0.394924          0.00237847
                 719           -0.445859           -0.394995          0.00237622
                 720           -0.440393           -0.395058          0.00237375
                 721           -0.427525           -0.395103          0.00237089
                 722           -0.407626           -0.395121          0.00236767
                 723           -0.415905           -0.395149          0.00236457
                 724           -0.384637           -0.395135          0.00236135
                 725           -0.383756           -0.395119          0.00235814
                 726            -0.37307           -0.395089          0.00235509
                 727           -0.367895           -0.395051          0.00235215
                 728           -0.351437           -0.394991          0.00234968
                 729           -0.362513           -0.394947          0.00234688
                 730            -0.36283           -0.394903          0.00234408
                 731           -0.375992           -0.394877          0.00234101
                 732           -0.388024           -0.394868          0.00233783
                 733           -0.410116           -0.394889          0.00233474
                 734           -0.403668             -0.3949          0.00233158
                 735           -0.383672           -0.394885          0.00232846
                 736           -0.400233           -0.394892          0.00232531
                 737           -0.387533           -0.394882          0.00232218
                 738           -0.413942           -0.394908          0.00231917
                 739            -0.38738           -0.394898          0.00231606
                 740           -0.395686           -0.394899          0.00231293
                 741            -0.42713           -0.394943          0.00231022
                 742           -0.393603           -0.394941           0.0023071
                 743            -0.38175           -0.394923          0.00230407
                 744           -0.397854           -0.394927          0.00230097
                 745           -0.384359           -0.394913          0.00229793
                 746           -0.410851           -0.394934          0.00229495
                 747           -0.414216            -0.39496          0.00229202
                 748           -0.435671           -0.395014           0.0022896
                 749           -0.422151           -0.395051          0.00228683
                 750           -0.406694           -0.395066          0.00228384
                 751           -0.436857           -0.395122          0.00228147
                 752           -0.418725           -0.395153          0.00227865
                 753            -0.42564           -0.395194          0.00227599
                 754           -0.431082           -0.395241          0.00227347
                 755           -0.429001           -0.395286           0.0022709
                 756           -0.434656           -0.395338          0.00226849
                 757           -0.442978           -0.395401          0.00226636
                 758           -0.445435           -0.395467          0.00226434
                 759           -0.460357           -0.395553          0.00226297
                 760           -0.496284           -0.395685          0.00226387
                 761           -0.467925            -0.39578          0.00226288
                 762           -0.494036           -0.395909          0.00226358
                 763           -0.474851           -0.396012          0.00226298
                 764           -0.457756           -0.396093          0.00226146
                 765           -0.450801           -0.396165          0.00225963
                 766           -0.460249           -0.396248          0.00225823
                 767           -0.474286            -0.39635          0.00225758
                 768            -0.45759            -0.39643          0.00225605
                 769           -0.433424           -0.396478          0.00225363
                 770           -0.426926           -0.396518          0.00225105
                 771           -0.410916           -0.396536           0.0022482
                 772           -0.431278           -0.396581          0.00224574
                 773           -0.385626           -0.396567          0.00224288
                 774           -0.440442           -0.396624           0.0022407
                 775           -0.419585           -0.396653            0.002238
                 776           -0.403544           -0.396662          0.00223514
                 777           -0.398285           -0.396664          0.00223226
                 778           -0.381928           -0.396645          0.00222947
                 779           -0.371588           -0.396613          0.00222684
                 780            -0.36754           -0.396576           0.0022243
                 781           -0.386431           -0.396563          0.00222149
                 782           -0.392707           -0.396558          0.00221865
                 783           -0.398366            -0.39656          0.00221582
                 784           -0.414854           -0.396584          0.00221312
                 785           -0.402846           -0.396592          0.00221031
                 786            -0.40556           -0.396603          0.00220753
                 787           -0.410606           -0.396621           0.0022048
                 788           -0.414469           -0.396644          0.00220212
                 789            -0.39408            -0.39664          0.00219933
                 790           -0.425666           -0.396677          0.00219685
                 791           -0.399144            -0.39668          0.00219408
                 792           -0.413131           -0.396701           0.0021914
                 793           -0.387049           -0.396689          0.00218867
                 794            -0.38008           -0.396668          0.00218602
                 795           -0.412493           -0.396688          0.00218336
                 796           -0.368456           -0.396652           0.0021809
                 797            -0.38068           -0.396632          0.00217826
                 798           -0.366567           -0.396595          0.00217586
                 799           -0.349489           -0.396536          0.00217393
                 800           -0.347453           -0.396474          0.00217208
                 801           -0.354677           -0.396422          0.00216999
                 802           -0.348294           -0.396362          0.00216812
                 803           -0.362463            -0.39632          0.00216583
                 804           -0.367333           -0.396284          0.00216344
                 805           -0.397112           -0.396285          0.00216075
                 806           -0.401565           -0.396291          0.00215808
                 807           -0.420016           -0.396321           0.0021556
                 808           -0.397242           -0.396322          0.00215294
                 809           -0.424377           -0.396357          0.00215055
                 810           -0.428926           -0.396397          0.00214827
                 811           -0.425768           -0.396433          0.00214593
                 812           -0.441864           -0.396489          0.00214402
                 813           -0.444155           -0.396548          0.00214218
                 814           -0.431733           -0.396591          0.00213999
                 815           -0.441247           -0.396646          0.00213806
                 816           -0.413879           -0.396667          0.00213555
                 817           -0.414647           -0.396689          0.00213305
                 818           -0.420725           -0.396718          0.00213064
                 819           -0.421189           -0.396748          0.00212825
                 820           -0.440685           -0.396802          0.00212633
                 821           -0.457917           -0.396876          0.00212504
                 822           -0.502006           -0.397004           0.0021263
                 823           -0.485099           -0.397111          0.00212641
                 824           -0.516313           -0.397256          0.00212874
                 825           -0.459352           -0.397331          0.00212749
                 826           -0.494911           -0.397449          0.00212819
                 827           -0.455773            -0.39752          0.00212679
                 828           -0.462851           -0.397598          0.00212568
                 829           -0.478164           -0.397696          0.00212534
                 830           -0.455535           -0.397765          0.00212392
                 831           -0.461455           -0.397842          0.00212275
                 832           -0.481904           -0.397943           0.0021226
                 833            -0.45221           -0.398008          0.00212105
                 834           -0.441016            -0.39806          0.00211914
                 835           -0.419998           -0.398086          0.00211676
                 836            -0.42042           -0.398113           0.0021144
                 837           -0.390823           -0.398104          0.00211189
                 838           -0.389937           -0.398094          0.00210939
                 839           -0.403069             -0.3981          0.00210689
                 840           -0.405711           -0.398109           0.0021044
                 841           -0.394888           -0.398105           0.0021019
                 842           -0.391729           -0.398098          0.00209941
                 843           -0.408315            -0.39811          0.00209696
                 844           -0.391404           -0.398102          0.00209449
                 845           -0.408721           -0.398115          0.00209205
                 846            -0.41897           -0.398139          0.00208972
                 847           -0.419096           -0.398164           0.0020874
                 848           -0.435319           -0.398208           0.0020854
                 849           -0.420651           -0.398234          0.00208311
                 850           -0.452144           -0.398298          0.00208162
                 851           -0.431784           -0.398337          0.00207955
                 852           -0.465464           -0.398416           0.0020786
                 853           -0.446463           -0.398472          0.00207693
                 854           -0.463108           -0.398548          0.00207587
                 855           -0.425619           -0.398579          0.00207369
                 856           -0.428831           -0.398615          0.00207157
                 857           -0.408487           -0.398626          0.00206918
                 858           -0.428688           -0.398661          0.00206707
                 859           -0.418105           -0.398684          0.00206478
                 860           -0.389311           -0.398673          0.00206241
                 861             -0.4007           -0.398675          0.00206002
                 862            -0.42364           -0.398704          0.00205783
                 863           -0.403602            -0.39871          0.00205545
                 864           -0.389273           -0.398699           0.0020531
                 865           -0.411183           -0.398714          0.00205078
                 866           -0.384065           -0.398697          0.00204848
                 867           -0.410666            -0.39871          0.00204617
                 868           -0.408177           -0.398721          0.00204384
                 869           -0.450386           -0.398781          0.00204235
                 870           -0.452427           -0.398842          0.00204094
                 871           -0.439836            -0.39889          0.00203913
                 872           -0.454817           -0.398954           0.0020378
                 873           -0.453606           -0.399016          0.00203643
                 874           -0.460918           -0.399087          0.00203533
                 875            -0.45182           -0.399147           0.0020339
                 876           -0.462578            -0.39922          0.00203287
                 877           -0.424683           -0.399249          0.00203075
                 878           -0.415143           -0.399267          0.00202852
                 879           -0.394415           -0.399261          0.00202622
                 880           -0.402979           -0.399266          0.00202392
                 881           -0.388892           -0.399254          0.00202166
                 882            -0.42015           -0.399278          0.00201951
                 883           -0.412419           -0.399292          0.00201728
                 884           -0.398558           -0.399292          0.00201499
                 885            -0.41551            -0.39931           0.0020128
                 886           -0.415011           -0.399328          0.00201061
                 887           -0.412038           -0.399342          0.00200839
                 888           -0.413474           -0.399358          0.00200619
                 889           -0.397774           -0.399356          0.00200394
                 890           -0.397325           -0.399354          0.00200169
                 891           -0.421235           -0.399378          0.00199959
                 892           -0.426839           -0.399409          0.00199759
                 893           -0.438952           -0.399453          0.00199584
                 894            -0.46783            -0.39953          0.00199507
                 895           -0.461631           -0.399599          0.00199405
                 896           -0.393605           -0.399593          0.00199183
                 897            -0.40579             -0.3996          0.00198963
                 898           -0.348098           -0.399542          0.00198824
                 899           -0.327688           -0.399462          0.00198763
                 900           -0.326998           -0.399382          0.00198705
                 901           -0.332894           -0.399308          0.00198622
                 902           -0.354792           -0.399259          0.00198463
                 903           -0.376839           -0.399234          0.00198259
                 904           -0.400862           -0.399236          0.00198039
                 905           -0.395142           -0.399231          0.00197821
                 906           -0.396402           -0.399228          0.00197603
                 907           -0.407257           -0.399237          0.00197387
                 908           -0.391746           -0.399229          0.00197171
                 909           -0.405194           -0.399235          0.00196956
                 910           -0.394516            -0.39923           0.0019674
                 911           -0.409609           -0.399241          0.00196527
                 912           -0.411225           -0.399254          0.00196316
                 913           -0.414811           -0.399271          0.00196108
                 914           -0.432322           -0.399308          0.00195927
                 915           -0.414214           -0.399324           0.0019572
                 916           -0.387807           -0.399311           0.0019551
                 917            -0.44041           -0.399356          0.00195348
                 918           -0.418947           -0.399378          0.00195147
                 919           -0.434026           -0.399415          0.00194971
                 920           -0.437962           -0.399457          0.00194804
                 921           -0.428617           -0.399489          0.00194619
                 922           -0.448528           -0.399542           0.0019448
                 923           -0.410616           -0.399554          0.00194273
                 924           -0.430859           -0.399588          0.00194092
                 925           -0.403655           -0.399592          0.00193883
                 926            -0.40159           -0.399594          0.00193674
                 927           -0.392733           -0.399587          0.00193466
                 928           -0.394049           -0.399581          0.00193259
                 929           -0.384767           -0.399565          0.00193057
                 930           -0.402731           -0.399568           0.0019285
                 931           -0.434576           -0.399606           0.0019268
                 932            -0.42856           -0.399637          0.00192498
                 933           -0.437041           -0.399677          0.00192333
                 934           -0.467147           -0.399749          0.00192263
                 935           -0.447457           -0.399801          0.00192125
                 936           -0.460667           -0.399866           0.0019203
                 937           -0.452374           -0.399922          0.00191907
                 938           -0.442988           -0.399967          0.00191757
                 939           -0.447197           -0.400018          0.00191619
                 940           -0.466974           -0.400089          0.00191547
                 941           -0.457208            -0.40015           0.0019144
                 942           -0.441125           -0.400193          0.00191286
                 943            -0.42891           -0.400224          0.00191107
                 944           -0.443623            -0.40027           0.0019096
                 945           -0.444588           -0.400317          0.00190816
                 946           -0.440096           -0.400359           0.0019066
                 947           -0.453098           -0.400414           0.0019054
                 948           -0.451065           -0.400468          0.00190414
                 949           -0.452224           -0.400522          0.00190292
                 950           -0.417757            -0.40054            0.001901
                 951           -0.417152           -0.400558          0.00189908
                 952           -0.389009           -0.400546          0.00189712
                 953           -0.389069           -0.400534          0.00189517
                 954           -0.403463           -0.400537          0.00189319
                 955           -0.405358           -0.400542          0.00189121
                 956           -0.373587           -0.400514          0.00188944
                 957           -0.393119           -0.400506          0.00188749
                 958           -0.358641           -0.400462          0.00188602
                 959           -0.356648           -0.400416          0.00188461
                 960           -0.352116           -0.400366          0.00188332
                 961           -0.357381           -0.400321          0.00188189
                 962           -0.362506           -0.400282          0.00188034
                 963           -0.373533           -0.400254          0.00187859
                 964           -0.336209           -0.400188          0.00187782
                 965           -0.340654           -0.400126          0.00187689
                 966           -0.346981           -0.400071          0.00187575
                 967           -0.338824           -0.400008          0.00187488
                 968            -0.33478           -0.399941          0.00187415
                 969           -0.370744            -0.39991          0.00187246
                 970           -0.364834           -0.399874          0.00187088
                 971           -0.332521           -0.399805          0.00187024
                 972           -0.387023           -0.399792          0.00186836
                 973           -0.420887           -0.399813          0.00186657
                 974           -0.394607           -0.399808          0.00186466
                 975           -0.448616           -0.399858          0.00186342
                 976           -0.438642           -0.399898          0.00186193
                 977           -0.415269           -0.399914          0.00186009
                 978           -0.398878           -0.399912          0.00185819
                 979           -0.389147           -0.399902          0.00185633
                 980           -0.365833           -0.399867          0.00185476
                 981           -0.371813           -0.399838          0.00185309
                 982           -0.378902           -0.399817          0.00185132
                 983           -0.360288           -0.399777          0.00184988
                 984           -0.373297            -0.39975          0.00184819
                 985            -0.34384           -0.399693          0.00184719
                 986           -0.372515           -0.399665          0.00184552
                 987           -0.367921           -0.399633          0.00184393
                 988           -0.349815           -0.399583          0.00184275
                 989           -0.357958           -0.399541          0.00184137
                 990           -0.394299           -0.399535          0.00183952
                 991           -0.384529            -0.39952          0.00183772
                 992           -0.369785            -0.39949          0.00183612
                 993           -0.374685           -0.399465          0.00183444
                 994           -0.353388           -0.399419          0.00183318
                 995           -0.324274           -0.399343          0.00183289
                 996           -0.328469           -0.399272          0.00183243
                 997           -0.325452           -0.399198          0.00183209
                 998           -0.336445           -0.399135          0.00183133
                 999           -0.349161           -0.399085          0.00183018
                1000           -0.373155           -0.399059          0.00182853
