                   1             -3.2931             -3.2931                   0
                   2            -3.37302            -3.33306           0.0282558
                   3            -3.36592            -3.34401           0.0208525
                   4            -3.36064            -3.34817           0.0160482
                   5            -3.36346            -3.35123           0.0131266
                   6            -3.36987            -3.35433           0.0113007
                   7              -3.358            -3.35486          0.00969846
                   8             -3.3607            -3.35559          0.00851364
                   9            -3.36251            -3.35636           0.0076023
                  10            -3.36176             -3.3569          0.00686127
                  11            -3.37457             -3.3585          0.00642278
                  12            -3.36381            -3.35894          0.00590273
                  13            -3.36625            -3.35951          0.00547535
                  14            -3.36346            -3.35979          0.00509152
                  15            -3.36572            -3.36018          0.00476741
                  16             -3.3673            -3.36063          0.00449017
                  17            -3.35822            -3.36049          0.00422829
                  18            -3.37443            -3.36126          0.00406373
                  19            -3.35729            -3.36105          0.00385521
                  20            -3.36055            -3.36103          0.00366253
                  21            -3.35509            -3.36075          0.00349903
                  22            -3.37393            -3.36134          0.00339092
                  23            -3.35331              -3.361          0.00326142
                  24            -3.37068             -3.3614          0.00315037
                  25            -3.37107            -3.36179          0.00304803
                  26            -3.35559            -3.36155          0.00294009
                  27            -3.36105            -3.36153          0.00283125
                  28            -3.35794             -3.3614          0.00273304
                  29            -3.37535            -3.36188          0.00268077
                  30             -3.3529            -3.36158          0.00260808
                  31            -3.37227            -3.36193          0.00254665
                  32            -3.35779             -3.3618          0.00247035
                  33            -3.37047            -3.36206          0.00240944
                  34            -3.36122            -3.36204           0.0023387
                  35            -3.37053            -3.36228          0.00228443
                  36            -3.35968            -3.36221          0.00222211
                  37            -3.36252            -3.36221          0.00216207
                  38             -3.3583            -3.36211          0.00210763
                  39            -3.36544             -3.3622          0.00205532
                  40            -3.36625             -3.3623          0.00200643
                  41            -3.36312            -3.36232          0.00195759
                  42            -3.36438            -3.36237          0.00191159
                  43            -3.36481            -3.36242          0.00186798
                  44            -3.36003            -3.36237          0.00182632
                  45            -3.36388             -3.3624          0.00178604
                  46            -3.36487            -3.36246          0.00174802
                  47            -3.36911             -3.3626          0.00171656
                  48            -3.37255            -3.36281          0.00169328
                  49            -3.36653            -3.36288          0.00166043
                  50            -3.36078            -3.36284          0.00162776
                  51            -3.37076              -3.363          0.00160323
                  52            -3.37214            -3.36317          0.00158202
                  53            -3.35811            -3.36308          0.00155505
                  54            -3.36593            -3.36313          0.00152716
                  55            -3.35795            -3.36303          0.00150229
                  56            -3.37789             -3.3633          0.00149869
                  57            -3.35722            -3.36319          0.00147619
                  58            -3.36897            -3.36329          0.00145409
                  59            -3.36877            -3.36339          0.00143241
                  60            -3.37181            -3.36353           0.0014154
                  61             -3.3638            -3.36353          0.00139221
                  62             -3.3695            -3.36363          0.00137308
                  63            -3.35274            -3.36345          0.00136212
                  64            -3.37056            -3.36357          0.00134535
                  65             -3.3641            -3.36357          0.00132468
                  66            -3.36849            -3.36365          0.00130671
                  67            -3.36569            -3.36368          0.00128756
                  68            -3.36502             -3.3637          0.00126877
                  69            -3.36039            -3.36365          0.00125129
                  70            -3.36289            -3.36364          0.00123346
                  71            -3.36374            -3.36364          0.00121609
                  72            -3.36516            -3.36366          0.00119938
                  73            -3.36176            -3.36364          0.00118324
                  74            -3.36661            -3.36368          0.00116793
                  75            -3.36868            -3.36374          0.00115426
                  76             -3.3628            -3.36373          0.00113914
                  77            -3.37075            -3.36382          0.00112799
                  78            -3.36403            -3.36382          0.00111353
                  79            -3.36258            -3.36381          0.00109955
                  80            -3.36735            -3.36385          0.00108669
                  81            -3.36018            -3.36381          0.00107422
                  82            -3.35762            -3.36373          0.00106377
                  83            -3.36113             -3.3637          0.00105142
                  84            -3.36005            -3.36366           0.0010398
                  85            -3.35667            -3.36357          0.00103081
                  86            -3.37469             -3.3637           0.0010269
                  87            -3.36286            -3.36369          0.00101514
                  88            -3.35855            -3.36364          0.00100528
                  89            -3.35701            -3.36356         0.000996746
                  90            -3.36986            -3.36363         0.000988123
                  91            -3.36212            -3.36361         0.000977403
                  92            -3.37035            -3.36369         0.000969519
                  93            -3.35396            -3.36358         0.000964721
                  94            -3.36321            -3.36358         0.000954466
                  95            -3.35692            -3.36351         0.000946989
                  96            -3.36169            -3.36349         0.000937314
                  97            -3.35947            -3.36345         0.000928565
                  98            -3.36263            -3.36344         0.000919128
                  99            -3.37487            -3.36356         0.000917065
                 100            -3.35662            -3.36349         0.000910513
                 101            -3.36989            -3.36355         0.000903703
                 102            -3.36034            -3.36352          0.00089539
                 103            -3.36357            -3.36352         0.000886697
                 104            -3.36673            -3.36355         0.000878709
                 105            -3.35764            -3.36349         0.000872138
                 106            -3.36372             -3.3635         0.000863913
                 107            -3.35625            -3.36343         0.000858493
                 108            -3.35438            -3.36334         0.000854621
                 109            -3.37765            -3.36348         0.000856795
                 110            -3.35121            -3.36336         0.000856236
                 111            -3.36258            -3.36336         0.000848552
                 112            -3.36335            -3.36336         0.000840975
                 113             -3.3556            -3.36329         0.000836327
                 114            -3.37009            -3.36335         0.000831116
                 115            -3.37036            -3.36341         0.000826126
                 116            -3.36095            -3.36339         0.000819276
                 117            -3.37294            -3.36347         0.000816328
                 118             -3.3605            -3.36344         0.000809798
                 119             -3.3632            -3.36344         0.000802995
                 120            -3.37078             -3.3635         0.000798628
                 121            -3.36423            -3.36351          0.00079205
                 122            -3.36369            -3.36351         0.000785559
                 123            -3.35161            -3.36341         0.000785113
                 124            -3.36671            -3.36344          0.00077923
                 125            -3.36367            -3.36344         0.000772999
                 126            -3.36431            -3.36345         0.000766895
                 127            -3.36778            -3.36348         0.000761615
                 128            -3.36282            -3.36348         0.000755682
                 129            -3.36319            -3.36348         0.000749828
                 130            -3.35912            -3.36344         0.000744808
                 131             -3.3719            -3.36351         0.000741916
                 132            -3.35441            -3.36344         0.000739492
                 133            -3.37036            -3.36349          0.00073576
                 134            -3.35963            -3.36346         0.000730834
                 135            -3.36668            -3.36349          0.00072581
                 136             -3.3629            -3.36348         0.000720486
                 137            -3.36005            -3.36346         0.000715662
                 138            -3.36603            -3.36347          0.00071072
                 139            -3.35365             -3.3634          0.00070911
                 140            -3.35836            -3.36337         0.000704959
                 141            -3.37026            -3.36342          0.00070165
                 142            -3.35454            -3.36335         0.000699492
                 143            -3.35436            -3.36329          0.00069742
                 144            -3.36564            -3.36331         0.000692767
                 145            -3.36372            -3.36331         0.000687995
                 146            -3.36047            -3.36329         0.000683557
                 147            -3.36045            -3.36327          0.00067918
                 148            -3.35531            -3.36322          0.00067672
                 149            -3.36335            -3.36322         0.000672179
                 150            -3.36297            -3.36322           0.0006677
                 151            -3.36003             -3.3632         0.000663613
                 152            -3.35609            -3.36315         0.000660893
                 153            -3.36515            -3.36316         0.000656704
                 154            -3.36478            -3.36317         0.000652524
                 155             -3.3633            -3.36317         0.000648314
                 156            -3.37174            -3.36323          0.00064648
                 157            -3.35377            -3.36317         0.000645165
                 158            -3.35847            -3.36314         0.000641766
                 159            -3.37512            -3.36321         0.000642136
                 160            -3.36108             -3.3632         0.000638261
                 161            -3.35664            -3.36316         0.000635595
                 162            -3.36711            -3.36318          0.00063214
                 163            -3.36066            -3.36317         0.000628451
                 164            -3.37629            -3.36325         0.000629689
                 165            -3.35801            -3.36322         0.000626672
                 166            -3.36797            -3.36325         0.000623552
                 167            -3.36544            -3.36326         0.000619957
                 168            -3.35845            -3.36323         0.000616928
                 169            -3.37286            -3.36329         0.000615906
                 170            -3.35259            -3.36322         0.000615491
                 171            -3.37559             -3.3633         0.000616128
                 172            -3.35602            -3.36325         0.000613994
                 173            -3.37408            -3.36332         0.000613626
                 174            -3.35405            -3.36326         0.000612404
                 175            -3.37212            -3.36331         0.000610991
                 176            -3.35794            -3.36328         0.000608283
                 177            -3.36028            -3.36327         0.000605082
                 178            -3.36245            -3.36326           0.0006017
                 179            -3.35813            -3.36323         0.000599022
                 180            -3.37427            -3.36329         0.000598824
                 181            -3.36252            -3.36329         0.000595531
                 182            -3.36823            -3.36332         0.000592876
                 183            -3.35394            -3.36327         0.000591849
                 184            -3.36953             -3.3633          0.00058961
                 185            -3.37535            -3.36337         0.000590012
                 186            -3.35881            -3.36334         0.000587347
                 187            -3.36048            -3.36333         0.000584406
                 188            -3.36606            -3.36334         0.000581478
                 189            -3.37358            -3.36339          0.00058092
                 190            -3.35993            -3.36338         0.000578149
                 191            -3.36426            -3.36338          0.00057514
                 192            -3.36626             -3.3634         0.000572341
                 193             -3.3605            -3.36338         0.000569571
                 194            -3.36352            -3.36338         0.000566636
                 195            -3.36987            -3.36341         0.000564705
                 196            -3.37209            -3.36346         0.000563557
                 197            -3.36325            -3.36346         0.000560697
                 198            -3.37183             -3.3635         0.000559458
                 199            -3.34421             -3.3634         0.000564986
                 200            -3.36472            -3.36341         0.000562199
                 201            -3.37087            -3.36345         0.000560626
                 202            -3.36477            -3.36345         0.000557889
                 203            -3.37008            -3.36349         0.000556093
                 204            -3.36151            -3.36348         0.000553452
                 205            -3.37172            -3.36352         0.000552211
                 206            -3.35687            -3.36348         0.000550471
                 207            -3.36342            -3.36348         0.000547812
                 208            -3.37058            -3.36352         0.000546239
                 209            -3.35547            -3.36348          0.00054498
                 210            -3.36828             -3.3635         0.000542864
                 211            -3.36042            -3.36349         0.000540488
                 212            -3.36126            -3.36348          0.00053804
                 213            -3.37062            -3.36351         0.000536558
                 214            -3.36361            -3.36351         0.000534051
                 215            -3.35829            -3.36349         0.000532119
                 216            -3.36567             -3.3635         0.000529751
                 217            -3.36338             -3.3635         0.000527311
                 218            -3.36209            -3.36349         0.000524931
                 219            -3.35633            -3.36346         0.000523553
                 220            -3.36077            -3.36345         0.000521315
                 221             -3.3587            -3.36342         0.000519399
                 222            -3.36983            -3.36345         0.000517861
                 223             -3.3655            -3.36346          0.00051562
                 224            -3.36362            -3.36346         0.000513319
                 225            -3.37153             -3.3635         0.000512289
                 226            -3.36169            -3.36349         0.000510085
                 227            -3.37567            -3.36354         0.000510654
                 228            -3.34788            -3.36348         0.000513016
                 229            -3.36576            -3.36349         0.000510873
                 230            -3.35399            -3.36344         0.000510317
                 231            -3.36926            -3.36347          0.00050873
                 232            -3.35534            -3.36343         0.000507743
                 233             -3.3695            -3.36346         0.000506232
                 234            -3.35483            -3.36342          0.00050541
                 235            -3.36508            -3.36343         0.000503308
                 236            -3.35975            -3.36341         0.000501417
                 237            -3.37599            -3.36347         0.000502103
                 238            -3.36071            -3.36346         0.000500127
                 239            -3.37185            -3.36349         0.000499267
                 240            -3.35203            -3.36344         0.000499468
                 241            -3.37194            -3.36348         0.000498637
                 242             -3.3611            -3.36347         0.000496674
                 243            -3.37133             -3.3635         0.000495682
                 244            -3.35753            -3.36348         0.000494253
                 245            -3.36309            -3.36348         0.000492238
                 246            -3.36799            -3.36349          0.00049058
                 247            -3.35642            -3.36347          0.00048943
                 248            -3.36995            -3.36349         0.000488154
                 249            -3.36965            -3.36352          0.00048682
                 250            -3.36231            -3.36351         0.000484897
                 251            -3.36901            -3.36353          0.00048346
                 252            -3.37127            -3.36356         0.000482514
                 253            -3.36296            -3.36356         0.000480613
                 254            -3.36888            -3.36358         0.000479177
                 255            -3.36016            -3.36357         0.000477486
                 256            -3.35912            -3.36355         0.000475936
                 257            -3.37432            -3.36359         0.000475926
                 258            -3.36555             -3.3636         0.000474142
                 259            -3.36448             -3.3636         0.000472324
                 260            -3.36728            -3.36362         0.000470718
                 261            -3.36135            -3.36361         0.000468994
                 262            -3.36124             -3.3636         0.000467291
                 263            -3.36226             -3.3636         0.000465543
                 264             -3.3729            -3.36363         0.000465112
                 265            -3.35426             -3.3636           0.0004647
                 266            -3.36083            -3.36359         0.000463069
                 267            -3.35824            -3.36357         0.000461767
                 268            -3.35563            -3.36354         0.000460992
                 269            -3.36208            -3.36353          0.00045931
                 270            -3.36023            -3.36352         0.000457771
                 271            -3.36063            -3.36351         0.000456206
                 272             -3.3585            -3.36349           0.0004549
                 273            -3.36123            -3.36348         0.000453309
                 274            -3.36295            -3.36348         0.000451659
                 275            -3.36216            -3.36347         0.000450042
                 276            -3.36623            -3.36348         0.000448522
                 277            -3.35069            -3.36344         0.000449274
                 278            -3.37226            -3.36347         0.000448776
                 279            -3.35691            -3.36345         0.000447783
                 280            -3.36355            -3.36345         0.000446184
                 281            -3.35684            -3.36342         0.000445216
                 282            -3.37159            -3.36345         0.000444579
                 283            -3.35426            -3.36342         0.000444193
                 284            -3.36198            -3.36341         0.000442658
                 285            -3.37128            -3.36344         0.000441965
                 286            -3.35218             -3.3634         0.000442171
                 287            -3.36634            -3.36341         0.000440749
                 288            -3.37058            -3.36344         0.000439921
                 289            -3.36229            -3.36343         0.000438417
                 290            -3.37277            -3.36347         0.000438085
                 291            -3.36219            -3.36346         0.000436601
                 292            -3.36776            -3.36348         0.000435354
                 293            -3.35581            -3.36345         0.000434653
                 294            -3.36755            -3.36346         0.000433398
                 295            -3.36421            -3.36347         0.000431936
                 296            -3.36782            -3.36348         0.000430728
                 297            -3.35635            -3.36346         0.000429947
                 298             -3.3627            -3.36345         0.000428512
                 299            -3.36588            -3.36346         0.000427156
                 300            -3.35681            -3.36344         0.000426307
                 301            -3.35799            -3.36342         0.000425275
                 302            -3.37395            -3.36346         0.000425292
                 303            -3.35948            -3.36344         0.000424091
                 304            -3.35809            -3.36343         0.000423061
                 305            -3.37549            -3.36347         0.000423519
                 306            -3.36267            -3.36346         0.000422143
                 307            -3.36559            -3.36347         0.000420825
                 308            -3.36003            -3.36346         0.000419607
                 309            -3.35585            -3.36343          0.00041897
                 310            -3.36707            -3.36345         0.000417783
                 311            -3.36058            -3.36344         0.000416541
                 312            -3.36131            -3.36343         0.000415262
                 313            -3.36691            -3.36344         0.000414084
                 314            -3.36356            -3.36344         0.000412765
                 315            -3.36244            -3.36344         0.000411467
                 316            -3.36603            -3.36345         0.000410246
                 317            -3.36594            -3.36345         0.000409028
                 318            -3.35195            -3.36342         0.000409337
                 319            -3.36947            -3.36344         0.000408494
                 320            -3.36959            -3.36346          0.00040767
                 321            -3.36494            -3.36346         0.000406426
                 322            -3.36582            -3.36347          0.00040523
                 323            -3.36383            -3.36347         0.000403976
                 324            -3.36485            -3.36347         0.000402752
                 325            -3.36816            -3.36349         0.000401771
                 326            -3.36263            -3.36349         0.000400547
                 327            -3.36862             -3.3635          0.00039963
                 328            -3.36826            -3.36352         0.000398675
                 329            -3.36216            -3.36351         0.000397485
                 330            -3.36222            -3.36351         0.000396299
                 331            -3.36349            -3.36351         0.000395102
                 332            -3.35429            -3.36348         0.000394887
                 333            -3.36266            -3.36348         0.000393709
                 334            -3.36114            -3.36347         0.000392592
                 335             -3.3605            -3.36346          0.00039152
                 336            -3.35881            -3.36345           0.0003906
                 337            -3.37102            -3.36347         0.000390086
                 338            -3.35166            -3.36344         0.000390493
                 339            -3.36836            -3.36345         0.000389612
                 340            -3.36253            -3.36345         0.000388475
                 341            -3.35958            -3.36344         0.000387502
                 342            -3.37686            -3.36348         0.000388352
                 343            -3.35724            -3.36346         0.000387644
                 344             -3.3672            -3.36347          0.00038667
                 345            -3.36386            -3.36347         0.000385551
                 346            -3.35815            -3.36345         0.000384743
                 347            -3.36543            -3.36346         0.000383677
                 348            -3.35996            -3.36345         0.000382706
                 349            -3.37493            -3.36348         0.000383019
                 350            -3.35975            -3.36347         0.000382073
                 351             -3.3593            -3.36346         0.000381169
                 352            -3.37341            -3.36349         0.000381133
                 353            -3.36301            -3.36349         0.000380056
                 354             -3.3633            -3.36349         0.000378983
                 355            -3.36831             -3.3635         0.000378159
                 356            -3.36997            -3.36352         0.000377533
                 357            -3.36336            -3.36352         0.000376476
                 358            -3.35808             -3.3635         0.000375731
                 359            -3.35795            -3.36349         0.000375002
                 360            -3.37858            -3.36353         0.000376298
                 361            -3.36488            -3.36353         0.000375274
                 362            -3.36947            -3.36355         0.000374595
                 363            -3.36566            -3.36355         0.000373608
                 364            -3.36436            -3.36356         0.000372589
                 365            -3.36554            -3.36356         0.000371608
                 366             -3.3607            -3.36355         0.000370675
                 367            -3.36044            -3.36355         0.000369762
                 368            -3.36723            -3.36356         0.000368892
                 369            -3.35907            -3.36354         0.000368093
                 370             -3.3644            -3.36355         0.000367105
                 371            -3.37123            -3.36357         0.000366699
                 372             -3.3622            -3.36356         0.000365731
                 373            -3.37165            -3.36359         0.000365393
                 374            -3.35275            -3.36356         0.000365564
                 375            -3.37453            -3.36359         0.000365757
                 376            -3.35314            -3.36356         0.000365838
                 377            -3.36906            -3.36357         0.000365159
                 378             -3.3773            -3.36361         0.000365993
                 379             -3.3571            -3.36359         0.000365431
                 380            -3.36411            -3.36359         0.000364472
                 381             -3.3597            -3.36358         0.000363658
                 382            -3.37087             -3.3636         0.000363206
                 383             -3.3749            -3.36363         0.000363454
                 384            -3.36675            -3.36364         0.000362598
                 385            -3.36367            -3.36364         0.000361657
                 386            -3.36078            -3.36363         0.000360796
                 387            -3.36826            -3.36364         0.000360062
                 388            -3.35937            -3.36363         0.000359302
                 389             -3.3657            -3.36364         0.000358418
                 390             -3.3623            -3.36363         0.000357515
                 391            -3.37115            -3.36365         0.000357118
                 392            -3.36483            -3.36366         0.000356219
                 393            -3.36502            -3.36366          0.00035533
                 394            -3.37803             -3.3637         0.000356294
                 395            -3.35502            -3.36367         0.000356068
                 396            -3.37652            -3.36371         0.000356643
                 397            -3.34877            -3.36367         0.000357724
                 398            -3.36369            -3.36367         0.000356825
                 399            -3.36984            -3.36369         0.000356266
                 400            -3.36538            -3.36369           0.0003554
                 401            -3.35939            -3.36368         0.000354676
                 402            -3.36463            -3.36368         0.000353802
                 403            -3.36201            -3.36368         0.000352948
                 404            -3.35504            -3.36366         0.000352721
                 405            -3.37061            -3.36367         0.000352269
                 406            -3.36188            -3.36367         0.000351428
                 407            -3.36822            -3.36368         0.000350743
                 408            -3.36096            -3.36367         0.000349947
                 409            -3.36382            -3.36367         0.000349091
                 410            -3.35647            -3.36366         0.000348681
                 411             -3.3645            -3.36366         0.000347839
                 412            -3.35531            -3.36364         0.000347585
                 413            -3.37231            -3.36366         0.000347377
                 414            -3.36205            -3.36365          0.00034656
                 415            -3.37223            -3.36368          0.00034634
                 416            -3.36333            -3.36367         0.000345508
                 417            -3.36065            -3.36367         0.000344756
                 418            -3.36048            -3.36366         0.000344016
                 419            -3.36434            -3.36366         0.000343199
                 420            -3.36851            -3.36367         0.000342575
                 421            -3.36357            -3.36367         0.000341762
                 422            -3.36275            -3.36367         0.000340959
                 423            -3.36813            -3.36368         0.000340315
                 424            -3.37272             -3.3637          0.00034018
                 425            -3.35816            -3.36369         0.000339629
                 426            -3.35856            -3.36368         0.000339045
                 427            -3.37222             -3.3637         0.000338841
                 428            -3.35353            -3.36367         0.000338881
                 429            -3.35704            -3.36366         0.000338443
                 430            -3.36717            -3.36367         0.000337754
                 431            -3.36459            -3.36367         0.000336977
                 432            -3.35526            -3.36365         0.000336758
                 433            -3.36131            -3.36364         0.000336024
                 434            -3.36473            -3.36365         0.000335259
                 435            -3.37108            -3.36366         0.000334923
                 436            -3.36613            -3.36367         0.000334203
                 437            -3.36076            -3.36366         0.000333505
                 438            -3.36992            -3.36368         0.000333049
                 439            -3.36465            -3.36368         0.000332298
                 440              -3.363            -3.36368         0.000331546
                 441            -3.36639            -3.36368         0.000330851
                 442             -3.3631            -3.36368         0.000330105
                 443              -3.366            -3.36369         0.000329402
                 444            -3.35537            -3.36367         0.000329192
                 445            -3.36692            -3.36368         0.000328533
                 446            -3.35786            -3.36366         0.000328055
                 447            -3.37154            -3.36368         0.000327794
                 448            -3.36196            -3.36368         0.000327085
                 449            -3.35893            -3.36367         0.000326527
                 450            -3.36893            -3.36368         0.000326011
                 451             -3.3538            -3.36366         0.000326023
                 452            -3.35852            -3.36364           0.0003255
                 453            -3.36343            -3.36364         0.000324781
                 454            -3.36819            -3.36365         0.000324221
                 455            -3.36963            -3.36367         0.000323774
                 456            -3.36014            -3.36366         0.000323156
                 457            -3.36744            -3.36367         0.000322555
                 458               -3.35            -3.36364         0.000323227
                 459            -3.37933            -3.36367         0.000324326
                 460            -3.36354            -3.36367         0.000323621
                 461            -3.36268            -3.36367         0.000322926
                 462            -3.35809            -3.36366         0.000322453
                 463            -3.36887            -3.36367         0.000321952
                 464            -3.36147            -3.36366         0.000321293
                 465             -3.3689            -3.36367           0.0003208
                 466            -3.36617            -3.36368         0.000320156
                 467            -3.35988            -3.36367         0.000319573
                 468            -3.37435             -3.3637         0.000319704
                 469            -3.36136            -3.36369         0.000319061
                 470            -3.35985            -3.36368         0.000318487
                 471            -3.37512            -3.36371         0.000318735
                 472            -3.36199             -3.3637          0.00031808
                 473            -3.36672            -3.36371         0.000317472
                 474             -3.3697            -3.36372         0.000317053
                 475            -3.36375            -3.36372         0.000316386
                 476             -3.3624            -3.36372         0.000315733
                 477            -3.37374            -3.36374          0.00031577
                 478            -3.36381            -3.36374          0.00031511
                 479            -3.36693            -3.36375         0.000314522
                 480            -3.36123            -3.36374         0.000313911
                 481            -3.36316            -3.36374          0.00031326
                 482            -3.35721            -3.36373         0.000312904
                 483            -3.37345            -3.36375         0.000312903
                 484            -3.36186            -3.36374          0.00031228
                 485            -3.35563            -3.36373         0.000312084
                 486            -3.36834            -3.36374         0.000311587
                 487            -3.35924            -3.36373         0.000311084
                 488            -3.36498            -3.36373         0.000310457
                 489            -3.36627            -3.36373         0.000309866
                 490              -3.362            -3.36373         0.000309254
                 491            -3.36524            -3.36373         0.000308639
                 492            -3.35073            -3.36371         0.000309141
                 493            -3.36922            -3.36372         0.000308716
                 494            -3.36252            -3.36372         0.000308101
                 495            -3.35747             -3.3637         0.000307737
                 496            -3.36336             -3.3637         0.000307117
                 497            -3.36198             -3.3637         0.000306519
                 498            -3.36867            -3.36371         0.000306066
                 499            -3.36067             -3.3637         0.000305513
                 500            -3.35373            -3.36368         0.000305552
                 501            -3.37236             -3.3637         0.000305433
                 502            -3.36278             -3.3637          0.00030483
                 503            -3.35848            -3.36369           0.0003044
                 504            -3.36839             -3.3637         0.000303939
                 505            -3.36425             -3.3637         0.000303339
                 506            -3.36259             -3.3637         0.000302748
                 507             -3.3708            -3.36371         0.000302474
                 508             -3.3637            -3.36371         0.000301879
                 509            -3.35526            -3.36369         0.000301742
                 510            -3.37057            -3.36371         0.000301452
                 511            -3.35715            -3.36369         0.000301135
                 512            -3.37787            -3.36372         0.000301817
                 513            -3.35838            -3.36371         0.000301408
                 514            -3.36951            -3.36372         0.000301033
                 515             -3.3751            -3.36375         0.000301257
                 516            -3.35747            -3.36373         0.000300919
                 517            -3.36841            -3.36374         0.000300473
                 518            -3.36301            -3.36374         0.000299896
                 519            -3.36185            -3.36374         0.000299341
                 520            -3.36622            -3.36374         0.000298803
                 521             -3.3753            -3.36376         0.000299052
                 522            -3.35469            -3.36375         0.000298984
                 523            -3.35831            -3.36374         0.000298593
                 524            -3.36873            -3.36375         0.000298176
                 525             -3.3764            -3.36377          0.00029858
                 526            -3.35534            -3.36375         0.000298442
                 527            -3.37642            -3.36378         0.000298842
                 528            -3.35441            -3.36376         0.000298802
                 529            -3.36975            -3.36377         0.000298452
                 530            -3.35992            -3.36376         0.000297977
                 531            -3.36163            -3.36376         0.000297443
                 532            -3.37588            -3.36378         0.000297756
                 533            -3.35992            -3.36378         0.000297285
                 534             -3.3634            -3.36378         0.000296729
                 535            -3.35521            -3.36376         0.000296606
                 536            -3.36146            -3.36375         0.000296084
                 537            -3.36544            -3.36376         0.000295549
                 538            -3.35185            -3.36374         0.000295827
                 539            -3.36297            -3.36373         0.000295282
                 540            -3.36145            -3.36373         0.000294765
                 541             -3.3543            -3.36371         0.000294736
                 542            -3.36542            -3.36372         0.000294209
                 543            -3.36414            -3.36372         0.000293668
                 544            -3.37162            -3.36373         0.000293487
                 545            -3.35804            -3.36372         0.000293134
                 546            -3.35837            -3.36371         0.000292761
                 547            -3.37309            -3.36373         0.000292728
                 548            -3.36228            -3.36373         0.000292205
                 549            -3.36608            -3.36373         0.000291705
                 550            -3.36897            -3.36374          0.00029133
                 551            -3.36245            -3.36374         0.000290811
                 552            -3.36188            -3.36373         0.000290303
                 553            -3.36811            -3.36374         0.000289886
                 554            -3.36277            -3.36374         0.000289368
                 555            -3.35791            -3.36373         0.000289038
                 556            -3.36653            -3.36373         0.000288562
                 557            -3.35932            -3.36373         0.000288152
                 558            -3.36684            -3.36373          0.00028769
                 559            -3.35853            -3.36372         0.000287326
                 560            -3.36184            -3.36372         0.000286833
                 561            -3.37772            -3.36374         0.000287406
                 562            -3.35883            -3.36374         0.000287027
                 563            -3.36472            -3.36374         0.000286523
                 564            -3.37004            -3.36375         0.000286232
                 565            -3.36628            -3.36375         0.000285761
                 566            -3.35326            -3.36373         0.000285857
                 567            -3.36641            -3.36374         0.000285392
                 568            -3.36261            -3.36374         0.000284896
                 569             -3.3681            -3.36374         0.000284499
                 570            -3.36466            -3.36375         0.000284004
                 571            -3.36285            -3.36374         0.000283511
                 572            -3.35571            -3.36373         0.000283363
                 573            -3.36479            -3.36373         0.000282874
                 574            -3.36335            -3.36373         0.000282382
                 575            -3.36021            -3.36373         0.000281958
                 576            -3.36165            -3.36372         0.000281491
                 577            -3.36913            -3.36373         0.000281159
                 578            -3.35231            -3.36371         0.000281366
                 579            -3.37263            -3.36373         0.000281301
                 580            -3.35481            -3.36371         0.000281237
                 581            -3.36646            -3.36372         0.000280792
                 582            -3.36222            -3.36371         0.000280322
                 583             -3.3611            -3.36371         0.000279877
                 584            -3.36979            -3.36372         0.000279591
                 585            -3.37022            -3.36373         0.000279333
                 586            -3.36516            -3.36373         0.000278867
                 587            -3.36425            -3.36373         0.000278394
                 588            -3.36619            -3.36374         0.000277952
                 589            -3.37413            -3.36376         0.000278039
                 590            -3.35363            -3.36374         0.000278097
                 591            -3.36887            -3.36375         0.000277762
                 592             -3.3577            -3.36374          0.00027748
                 593            -3.36512            -3.36374         0.000277022
                 594             -3.3675            -3.36375         0.000276628
                 595            -3.35734            -3.36374         0.000276372
                 596            -3.36923            -3.36374         0.000276062
                 597            -3.35729            -3.36373         0.000275811
                 598            -3.36883            -3.36374         0.000275482
                 599            -3.35279            -3.36372         0.000275627
                 600            -3.36404            -3.36372         0.000275168
                 601            -3.35412            -3.36371         0.000275174
                 602            -3.35823             -3.3637         0.000274867
                 603            -3.36451             -3.3637         0.000274415
                 604            -3.36502             -3.3637         0.000273969
                 605            -3.36497             -3.3637         0.000273524
                 606            -3.36658            -3.36371         0.000273114
                 607            -3.35422            -3.36369         0.000273111
                 608            -3.36099            -3.36369         0.000272698
                 609            -3.36512            -3.36369          0.00027226
                 610            -3.35984            -3.36369         0.000271887
                 611            -3.36991             -3.3637         0.000271633
                 612            -3.36226            -3.36369         0.000271199
                 613            -3.36695             -3.3637         0.000270809
                 614             -3.3631             -3.3637         0.000270369
                 615               -3.36            -3.36369         0.000269997
                 616            -3.37089             -3.3637         0.000269811
                 617            -3.36631            -3.36371         0.000269407
                 618            -3.36458            -3.36371         0.000268975
                 619            -3.36228            -3.36371          0.00026855
                 620            -3.36178             -3.3637         0.000268135
                 621            -3.36788            -3.36371         0.000267787
                 622            -3.35879             -3.3637         0.000267474
                 623             -3.3754            -3.36372         0.000267702
                 624            -3.36064            -3.36372         0.000267319
                 625            -3.35633             -3.3637         0.000267152
                 626            -3.37374            -3.36372         0.000267207
                 627            -3.35627            -3.36371         0.000267044
                 628            -3.37676            -3.36373         0.000267427
                 629            -3.36838            -3.36374         0.000267104
                 630            -3.36137            -3.36373         0.000266706
                 631            -3.36426            -3.36373         0.000266285
                 632             -3.3634            -3.36373         0.000265864
                 633            -3.37493            -3.36375         0.000266032
                 634            -3.35617            -3.36374         0.000265881
                 635            -3.36348            -3.36374         0.000265463
                 636            -3.36403            -3.36374         0.000265046
                 637            -3.36908            -3.36375         0.000264762
                 638            -3.36654            -3.36375         0.000264384
                 639            -3.37101            -3.36376         0.000264214
                 640            -3.36396            -3.36376         0.000263801
                 641            -3.36455            -3.36376         0.000263392
                 642            -3.36526            -3.36377         0.000262992
                 643             -3.3678            -3.36377         0.000262658
                 644            -3.36708            -3.36378         0.000262301
                 645            -3.36322            -3.36378         0.000261895
                 646            -3.35864            -3.36377         0.000261611
                 647            -3.36056            -3.36376         0.000261253
                 648            -3.36528            -3.36377         0.000260861
                 649            -3.35839            -3.36376          0.00026059
                 650            -3.36231            -3.36376         0.000260199
                 651            -3.36849            -3.36376         0.000259901
                 652            -3.36208            -3.36376         0.000259515
                 653            -3.36274            -3.36376         0.000259122
                 654            -3.36077            -3.36376         0.000258767
                 655            -3.36976            -3.36376         0.000258534
                 656            -3.36646            -3.36377         0.000258172
                 657            -3.36675            -3.36377         0.000257819
                 658            -3.37245            -3.36379         0.000257765
                 659            -3.36105            -3.36378         0.000257407
                 660            -3.37313             -3.3638         0.000257406
                 661            -3.36301             -3.3638          0.00025702
                 662            -3.36068            -3.36379         0.000256674
                 663            -3.36099            -3.36379         0.000256322
                 664            -3.37061             -3.3638         0.000256142
                 665            -3.36261            -3.36379         0.000255763
                 666            -3.36446             -3.3638         0.000255381
                 667            -3.36841             -3.3638         0.000255092
                 668            -3.36096             -3.3638         0.000254746
                 669            -3.36608             -3.3638         0.000254388
                 670            -3.36169             -3.3638         0.000254028
                 671            -3.36618             -3.3638         0.000253674
                 672            -3.36799            -3.36381         0.000253373
                 673            -3.36014             -3.3638         0.000253055
                 674            -3.37495            -3.36382         0.000253219
                 675            -3.35863            -3.36381          0.00025296
                 676            -3.36796            -3.36382         0.000252661
                 677            -3.35582            -3.36381         0.000252563
                 678            -3.36229             -3.3638         0.000252201
                 679            -3.36804            -3.36381         0.000251906
                 680            -3.36473            -3.36381         0.000251539
                 681            -3.37178            -3.36382         0.000251442
                 682            -3.36681            -3.36383         0.000251112
                 683            -3.35427            -3.36381         0.000251133
                 684            -3.37447            -3.36383         0.000251249
                 685             -3.3642            -3.36383         0.000250882
                 686            -3.36411            -3.36383         0.000250517
                 687            -3.36672            -3.36383         0.000250188
                 688             -3.3603            -3.36383         0.000249877
                 689            -3.36877            -3.36384         0.000249617
                 690            -3.35604            -3.36382         0.000249511
                 691            -3.36921            -3.36383         0.000249271
                 692            -3.36055            -3.36383         0.000248956
                 693            -3.35762            -3.36382         0.000248757
                 694             -3.3714            -3.36383         0.000248639
                 695            -3.36996            -3.36384         0.000248437
                 696            -3.36302            -3.36384         0.000248083
                 697            -3.36092            -3.36383         0.000247762
                 698            -3.36692            -3.36384         0.000247447
                 699            -3.36721            -3.36384          0.00024714
                 700            -3.36709            -3.36385          0.00024683
                 701            -3.36657            -3.36385         0.000246509
                 702            -3.35933            -3.36384         0.000246242
                 703             -3.3568            -3.36383         0.000246095
                 704            -3.37546            -3.36385         0.000246299
                 705            -3.36106            -3.36385         0.000245982
                 706            -3.36294            -3.36385         0.000245637
                 707            -3.35929            -3.36384         0.000245374
                 708            -3.36367            -3.36384         0.000245027
                 709             -3.3662            -3.36384         0.000244704
                 710            -3.35799            -3.36383         0.000244498
                 711            -3.36722            -3.36384         0.000244201
                 712             -3.3695            -3.36385         0.000243987
                 713            -3.35236            -3.36383         0.000244176
                 714            -3.36716            -3.36384         0.000243879
                 715            -3.36529            -3.36384         0.000243546
                 716            -3.36274            -3.36384         0.000243211
                 717            -3.35478            -3.36382         0.000243199
                 718            -3.36833            -3.36383         0.000242942
                 719             -3.3644            -3.36383         0.000242605
                 720             -3.3623            -3.36383         0.000242277
                 721            -3.36048            -3.36382         0.000241986
                 722            -3.35987            -3.36382         0.000241713
                 723            -3.36696            -3.36382         0.000241417
                 724            -3.36002            -3.36382         0.000241141
                 725            -3.36212            -3.36382          0.00024082
                 726            -3.36199            -3.36381         0.000240501
                 727            -3.36173            -3.36381         0.000240188
                 728            -3.37111            -3.36382         0.000240067
                 729            -3.36576            -3.36382         0.000239752
                 730            -3.35786            -3.36381         0.000239563
                 731            -3.35976            -3.36381         0.000239299
                 732            -3.35894             -3.3638         0.000239065
                 733            -3.36108             -3.3638         0.000238768
                 734            -3.36243             -3.3638          0.00023845
                 735            -3.36633             -3.3638          0.00023815
                 736            -3.37484            -3.36381         0.000238299
                 737            -3.36011            -3.36381         0.000238028
                 738            -3.36129            -3.36381          0.00023773
                 739            -3.36304            -3.36381         0.000237411
                 740            -3.36707            -3.36381         0.000237131
                 741            -3.36331            -3.36381         0.000236812
                 742            -3.36669            -3.36381         0.000236525
                 743             -3.3818            -3.36384         0.000237442
                 744            -3.35924            -3.36383         0.000237204
                 745            -3.36244            -3.36383         0.000236893
                 746            -3.36654            -3.36383         0.000236603
                 747            -3.36218            -3.36383         0.000236297
                 748            -3.36268            -3.36383         0.000235986
                 749            -3.36377            -3.36383         0.000235671
                 750            -3.36295            -3.36383         0.000235359
                 751            -3.35526            -3.36382         0.000235322
                 752            -3.36731            -3.36382         0.000235055
                 753            -3.35955            -3.36382         0.000234811
                 754            -3.36266            -3.36381         0.000234505
                 755            -3.36021            -3.36381         0.000234243
                 756             -3.3601             -3.3638         0.000233984
                 757            -3.37659            -3.36382         0.000234284
                 758            -3.36206            -3.36382         0.000233986
                 759            -3.35532            -3.36381         0.000233945
                 760            -3.37299            -3.36382         0.000233949
                 761            -3.36529            -3.36382          0.00023365
                 762            -3.35966            -3.36382         0.000233407
                 763            -3.35986            -3.36381         0.000233158
                 764            -3.36119            -3.36381         0.000232878
                 765            -3.36238            -3.36381         0.000232581
                 766            -3.36255             -3.3638         0.000232284
                 767            -3.37279            -3.36382         0.000232276
                 768            -3.36502            -3.36382         0.000231979
                 769            -3.35245             -3.3638         0.000232148
                 770            -3.36997            -3.36381         0.000231984
                 771            -3.35768             -3.3638          0.00023182
                 772            -3.36054             -3.3638         0.000231558
                 773            -3.36547             -3.3638         0.000231269
                 774            -3.36876            -3.36381         0.000231059
                 775            -3.36673            -3.36381         0.000230791
                 776            -3.37023            -3.36382         0.000230642
                 777             -3.3575            -3.36381         0.000230488
                 778            -3.36776            -3.36382         0.000230248
                 779            -3.37444            -3.36383         0.000230356
                 780            -3.35133            -3.36381         0.000230617
                 781            -3.37289            -3.36383         0.000230615
                 782            -3.36648            -3.36383         0.000230345
                 783            -3.35759            -3.36382         0.000230188
                 784            -3.37345            -3.36383         0.000230222
                 785            -3.36204            -3.36383          0.00022994
                 786            -3.36351            -3.36383         0.000229648
                 787            -3.35557            -3.36382         0.000229595
                 788            -3.37089            -3.36383         0.000229479
                 789            -3.36172            -3.36383         0.000229204
                 790            -3.36272            -3.36382         0.000228918
                 791            -3.37288            -3.36384         0.000228915
                 792            -3.36029            -3.36383          0.00022867
                 793            -3.36083            -3.36383         0.000228413
                 794            -3.36075            -3.36382         0.000228158
                 795            -3.37145            -3.36383         0.000228073
                 796            -3.36174            -3.36383         0.000227801
                 797            -3.37008            -3.36384          0.00022765
                 798            -3.36733            -3.36384         0.000227407
                 799            -3.37023            -3.36385         0.000227263
                 800            -3.35939            -3.36385         0.000227047
                 801            -3.36906            -3.36385         0.000226857
                 802            -3.36423            -3.36385         0.000226575
                 803            -3.36429            -3.36385         0.000226293
                 804            -3.36429            -3.36385         0.000226012
                 805            -3.37183            -3.36386         0.000225949
                 806            -3.36118            -3.36386         0.000225693
                 807            -3.36189            -3.36386         0.000225426
                 808            -3.36333            -3.36386         0.000225148
                 809            -3.36073            -3.36385         0.000224903
                 810            -3.36276            -3.36385          0.00022463
                 811            -3.36279            -3.36385         0.000224357
                 812            -3.35797            -3.36384         0.000224197
                 813            -3.36472            -3.36384         0.000223924
                 814            -3.36072            -3.36384         0.000223682
                 815            -3.36424            -3.36384         0.000223408
                 816            -3.35712            -3.36383         0.000223286
                 817            -3.35208            -3.36382         0.000223476
                 818            -3.37736            -3.36383         0.000223815
                 819            -3.35809            -3.36383         0.000223652
                 820             -3.3656            -3.36383         0.000223389
                 821            -3.36282            -3.36383         0.000223121
                 822            -3.36187            -3.36383         0.000222862
                 823            -3.36275            -3.36383         0.000222595
                 824            -3.36864            -3.36383         0.000222402
                 825            -3.35847            -3.36382         0.000222227
                 826             -3.3662            -3.36383         0.000221977
                 827            -3.35495            -3.36382         0.000221968
                 828            -3.36328            -3.36382           0.0002217
                 829            -3.37077            -3.36382         0.000221592
                 830            -3.36195            -3.36382         0.000221336
                 831            -3.35977            -3.36382         0.000221124
                 832            -3.37276            -3.36383         0.000221119
                 833            -3.36356            -3.36383         0.000220853
                 834            -3.36267            -3.36383         0.000220593
                 835            -3.37088            -3.36383          0.00022049
                 836            -3.37301            -3.36385         0.000220499
                 837            -3.35925            -3.36384         0.000220304
                 838            -3.36347            -3.36384         0.000220042
                 839            -3.36453            -3.36384         0.000219781
                 840            -3.36396            -3.36384          0.00021952
                 841            -3.36435            -3.36384         0.000219259
                 842            -3.35087            -3.36383          0.00021954
                 843            -3.37643            -3.36384         0.000219788
                 844            -3.36658            -3.36384         0.000219552
                 845            -3.36539            -3.36385         0.000219299
                 846            -3.35616            -3.36384         0.000219228
                 847            -3.36469            -3.36384         0.000218972
                 848            -3.36732            -3.36384         0.000218752
                 849            -3.36104            -3.36384         0.000218519
                 850            -3.35426            -3.36383         0.000218553
                 851            -3.37613            -3.36384         0.000218774
                 852            -3.35936            -3.36384          0.00021858
                 853            -3.35694            -3.36383         0.000218473
                 854            -3.36896            -3.36383           0.0002183
                 855            -3.36457            -3.36384         0.000218046
                 856            -3.36052            -3.36383         0.000217826
                 857            -3.37371            -3.36384         0.000217877
                 858             -3.3651            -3.36384         0.000217628
                 859            -3.35982            -3.36384         0.000217425
                 860              -3.357            -3.36383         0.000217318
                 861            -3.36348            -3.36383         0.000217066
                 862            -3.36021            -3.36383         0.000216855
                 863            -3.36457            -3.36383         0.000216605
                 864            -3.36027            -3.36382         0.000216394
                 865            -3.35876            -3.36382         0.000216223
                 866            -3.37075            -3.36383         0.000216121
                 867            -3.35978            -3.36382         0.000215922
                 868            -3.36022            -3.36382         0.000215713
                 869            -3.36515            -3.36382         0.000215471
                 870            -3.35649            -3.36381         0.000215388
                 871             -3.3696            -3.36382         0.000215243
                 872            -3.36384            -3.36382         0.000214996
                 873            -3.36291            -3.36382         0.000214752
                 874            -3.36553            -3.36382         0.000214516
                 875            -3.36775            -3.36382         0.000214318
                 876            -3.35954            -3.36382         0.000214129
                 877            -3.35914            -3.36381         0.000213951
                 878             -3.3689            -3.36382         0.000213786
                 879            -3.36921            -3.36382         0.000213631
                 880            -3.36149            -3.36382         0.000213404
                 881            -3.36342            -3.36382         0.000213163
                 882            -3.37122            -3.36383         0.000213086
                 883            -3.36808            -3.36383         0.000212899
                 884            -3.35157            -3.36382          0.00021311
                 885            -3.36889            -3.36383         0.000212946
                 886            -3.36403            -3.36383         0.000212706
                 887            -3.36925            -3.36383         0.000212554
                 888            -3.35278            -3.36382         0.000212679
                 889            -3.36116            -3.36382         0.000212461
                 890            -3.37145            -3.36383         0.000212395
                 891            -3.36197            -3.36382         0.000212167
                 892            -3.36557            -3.36383         0.000211938
                 893            -3.36404            -3.36383         0.000211701
                 894            -3.36057            -3.36382         0.000211495
                 895            -3.36825            -3.36383         0.000211317
                 896             -3.3688            -3.36383         0.000211154
                 897             -3.3544            -3.36382          0.00021118
                 898            -3.36635            -3.36382         0.000210963
                 899            -3.36267            -3.36382         0.000210733
                 900            -3.37219            -3.36383         0.000210704
                 901            -3.36571            -3.36384          0.00021048
                 902            -3.36057            -3.36383         0.000210278
                 903            -3.36741            -3.36384         0.000210082
                 904            -3.36904            -3.36384         0.000209929
                 905            -3.36565            -3.36384         0.000209706
                 906            -3.36199            -3.36384         0.000209485
                 907            -3.36385            -3.36384         0.000209254
                 908            -3.35969            -3.36384         0.000209073
                 909            -3.37487            -3.36385         0.000209195
                 910            -3.36024            -3.36384         0.000209003
                 911            -3.35765            -3.36384         0.000208884
                 912            -3.37212            -3.36385         0.000208852
                 913            -3.37134            -3.36386         0.000208784
                 914            -3.37532            -3.36387         0.000208933
                 915            -3.36266            -3.36387         0.000208708
                 916            -3.36963            -3.36387         0.000208575
                 917            -3.35903            -3.36387         0.000208415
                 918            -3.36975            -3.36387         0.000208286
                 919            -3.36088            -3.36387         0.000208085
                 920            -3.36144            -3.36387         0.000207876
                 921            -3.36238            -3.36387         0.000207656
                 922            -3.36438            -3.36387         0.000207432
                 923            -3.37127            -3.36387         0.000207362
                 924            -3.36176            -3.36387         0.000207151
                 925            -3.37007            -3.36388         0.000207035
                 926            -3.36274            -3.36388         0.000206815
                 927            -3.36531            -3.36388         0.000206598
                 928            -3.36842            -3.36388         0.000206433
                 929            -3.37202            -3.36389         0.000206396
                 930            -3.36625             -3.3639          0.00020619
                 931            -3.36112            -3.36389          0.00020599
                 932            -3.36175            -3.36389         0.000205782
                 933            -3.36555            -3.36389         0.000205569
                 934            -3.37321             -3.3639         0.000205591
                 935            -3.35855             -3.3639          0.00020545
                 936            -3.36446             -3.3639         0.000205232
                 937            -3.36199             -3.3639         0.000205023
                 938            -3.36005            -3.36389         0.000204845
                 939            -3.37424             -3.3639         0.000204923
                 940            -3.36074             -3.3639         0.000204733
                 941            -3.36631             -3.3639         0.000204531
                 942            -3.36553             -3.3639         0.000204321
                 943            -3.35989             -3.3639         0.000204149
                 944            -3.36721             -3.3639         0.000203963
                 945            -3.36133             -3.3639         0.000203765
                 946            -3.36751             -3.3639         0.000203586
                 947            -3.36585            -3.36391         0.000203381
                 948            -3.36122             -3.3639         0.000203186
                 949            -3.36574             -3.3639         0.000202981
                 950            -3.35833             -3.3639         0.000202852
                 951            -3.37042            -3.36391         0.000202755
                 952            -3.35705             -3.3639          0.00020267
                 953            -3.35765            -3.36389         0.000202563
                 954            -3.35503            -3.36388         0.000202564
                 955            -3.36163            -3.36388         0.000202366
                 956             -3.3774            -3.36389         0.000202648
                 957            -3.36869             -3.3639         0.000202498
                 958            -3.36625             -3.3639         0.000202301
                 959            -3.37101            -3.36391         0.000202226
                 960            -3.35704             -3.3639         0.000202142
                 961            -3.35659            -3.36389         0.000202075
                 962             -3.3647             -3.3639         0.000201866
                 963            -3.36285            -3.36389          0.00020166
                 964            -3.36503             -3.3639         0.000201454
                 965            -3.36517             -3.3639         0.000201249
                 966            -3.36457             -3.3639         0.000201042
                 967            -3.35759            -3.36389          0.00020094
                 968            -3.35984            -3.36389         0.000200776
                 969            -3.37097            -3.36389         0.000200702
                 970            -3.36543             -3.3639         0.000200501
                 971            -3.36917             -3.3639         0.000200368
                 972            -3.36448             -3.3639         0.000200163
                 973            -3.36591             -3.3639         0.000199968
                 974             -3.3609             -3.3639         0.000199787
                 975            -3.35904             -3.3639         0.000199644
                 976             -3.3695             -3.3639         0.000199522
                 977            -3.35875             -3.3639         0.000199387
                 978            -3.35233            -3.36388         0.000199534
                 979            -3.38178             -3.3639         0.000200166
                 980            -3.35138            -3.36389         0.000200369
                 981            -3.36646            -3.36389         0.000200182
                 982            -3.36418            -3.36389         0.000199978
                 983            -3.37058             -3.3639         0.000199891
                 984            -3.36383             -3.3639         0.000199687
                 985             -3.3648             -3.3639         0.000199487
                 986            -3.37445            -3.36391         0.000199571
                 987            -3.34934             -3.3639         0.000199914
                 988            -3.37868            -3.36391         0.000200271
                 989            -3.36388            -3.36391         0.000200069
                 990            -3.36209            -3.36391         0.000199875
                 991            -3.37245            -3.36392         0.000199859
                 992            -3.35692            -3.36391         0.000199782
                 993             -3.3727            -3.36392         0.000199777
                 994             -3.3591            -3.36391         0.000199634
                 995            -3.35248             -3.3639         0.000199765
                 996            -3.37044            -3.36391         0.000199672
                 997            -3.34944             -3.3639         0.000199998
                 998            -3.37029             -3.3639           0.0001999
                 999            -3.37949            -3.36392         0.000200309
                1000            -3.36476            -3.36392          0.00020011
