                   1            -5.70146            -5.70146                   0
                   2            -5.00729            -5.35437            0.245424
                   3            -5.00566            -5.23813             0.18915
                   4            -5.01747            -5.18297            0.149691
                   5            -4.93941            -5.13426            0.127433
                   6            -5.01577            -5.11451            0.107713
                   7            -4.98763            -5.09638           0.0938382
                   8            -4.96498            -5.07996           0.0835336
                   9            -4.99287            -5.07028           0.0748105
                  10            -5.00814            -5.06407            0.067587
                  11            -5.09245            -5.06665            0.061492
                  12            -5.05664            -5.06581           0.0563733
                  13              -5.101            -5.06852           0.0521018
                  14            -5.05291             -5.0674           0.0483922
                  15            -5.00372            -5.06316           0.0453519
                  16            -5.08307             -5.0644           0.0425345
                  17            -4.94489            -5.05737           0.0406092
                  18            -4.95933            -5.05193           0.0387167
                  19            -5.09677            -5.05429           0.0367509
                  20            -5.00956            -5.05205           0.0349813
                  21            -5.02834            -5.05092           0.0333337
                  22             -4.9412            -5.04593           0.0321895
                  23            -5.04564            -5.04592             0.03079
                  24            -4.97369            -5.04291           0.0296538
                  25            -5.04578            -5.04303           0.0284679
                  26            -5.04318            -5.04303           0.0273729
                  27            -5.01222            -5.04189           0.0263829
                  28            -4.95432            -5.03876           0.0256254
                  29            -5.08932            -5.04051            0.024801
                  30            -4.98443            -5.03864           0.0240446
                  31            -5.10075            -5.04064           0.0233523
                  32            -5.00565            -5.03955           0.0226481
                  33            -4.99958            -5.03834           0.0219942
                  34            -5.07112             -5.0393           0.0213684
                  35            -5.04248            -5.03939           0.0207581
                  36            -5.06616            -5.04014           0.0201948
                  37            -5.06678            -5.04086           0.0196618
                  38            -4.98344            -5.03934           0.0192024
                  39            -5.02717            -5.03903           0.0187125
                  40            -4.98369            -5.03765           0.0182958
                  41            -5.00623            -5.03688           0.0178656
                  42            -4.99643            -5.03592           0.0174662
                  43            -4.96481            -5.03427           0.0171381
                  44            -4.96975             -5.0328           0.0168112
                  45            -4.97453             -5.0315           0.0164874
                  46            -5.01295             -5.0311           0.0161339
                  47            -4.88089            -5.02791           0.0161041
                  48            -5.05657             -5.0285           0.0157796
                  49            -5.02305            -5.02839            0.015458
                  50            -5.00566            -5.02794           0.0151555
                  51            -5.02531            -5.02788           0.0148584
                  52            -4.99913            -5.02733            0.014583
                  53            -5.02623            -5.02731           0.0143079
                  54            -5.05187            -5.02777           0.0140501
                  55            -5.02437             -5.0277           0.0137948
                  56            -4.99319            -5.02709           0.0135622
                  57            -5.03449            -5.02722           0.0133249
                  58            -5.04809            -5.02758              0.0131
                  59            -4.99331              -5.027           0.0128909
                  60            -5.09204            -5.02808           0.0127215
                  61            -5.08707            -5.02905           0.0125497
                  62            -5.14463            -5.03091            0.012485
                  63            -5.01786             -5.0307           0.0122885
                  64            -4.95488            -5.02952           0.0121535
                  65            -5.03883            -5.02966           0.0119674
                  66             -5.1017            -5.03075           0.0118357
                  67            -5.07886            -5.03147           0.0116808
                  68            -5.08152            -5.03221           0.0115322
                  69            -4.95018            -5.03102           0.0114262
                  70             -5.1064             -5.0321           0.0113136
                  71            -4.99516            -5.03158           0.0111662
                  72            -5.08815            -5.03236           0.0110387
                  73             -4.9885            -5.03176           0.0109038
                  74            -4.97269            -5.03096           0.0107857
                  75            -5.02972            -5.03095           0.0106419
                  76            -5.02255            -5.03084           0.0105024
                  77             -5.0887            -5.03159           0.0103929
                  78            -5.11607            -5.03267           0.0103159
                  79            -5.14393            -5.03408            0.010281
                  80            -5.09907            -5.03489           0.0101845
                  81            -5.07899            -5.03544           0.0100733
                  82            -5.07706            -5.03594          0.00996328
                  83            -4.98457            -5.03532          0.00986245
                  84            -5.00065            -5.03491          0.00975368
                  85            -4.87686            -5.03305          0.00981458
                  86            -4.87367             -5.0312          0.00987387
                  87            -5.11679            -5.03218          0.00980927
                  88            -5.02226            -5.03207          0.00969845
                  89            -5.03236            -5.03207          0.00958948
                  90            -4.98751            -5.03158          0.00949571
                  91            -5.00183            -5.03125          0.00939698
                  92            -5.20058            -5.03309          0.00947337
                  93            -5.04549            -5.03323          0.00937244
                  94            -5.05408            -5.03345          0.00927536
                  95            -5.01267            -5.03323           0.0091803
                  96            -4.96218            -5.03249          0.00911446
                  97            -5.06084            -5.03278          0.00902518
                  98            -5.00959            -5.03254          0.00893619
                  99            -5.03443            -5.03256          0.00884594
                 100            -4.98509            -5.03209          0.00877021
                 101            -5.00187            -5.03179          0.00868848
                 102            -5.02538            -5.03173          0.00860353
                 103            -5.00443            -5.03146          0.00852408
                 104            -5.00433             -5.0312           0.0084461
                 105            -4.97412            -5.03066          0.00838314
                 106            -4.96138               -5.03          0.00832949
                 107            -5.02698            -5.02997           0.0082517
                 108            -4.96708            -5.02939          0.00819581
                 109              -4.946            -5.02863          0.00815625
                 110             -5.0554            -5.02887          0.00808574
                 111            -5.04697            -5.02903          0.00801454
                 112            -4.97333            -5.02854           0.0079584
                 113            -5.05113            -5.02874          0.00789048
                 114            -4.97171            -5.02824           0.0078371
                 115            -4.95556             -5.0276          0.00779439
                 116            -5.02612            -5.02759          0.00772721
                 117             -5.0309            -5.02762          0.00766122
                 118            -4.95224            -5.02698          0.00762288
                 119            -4.93999            -5.02625          0.00759379
                 120            -4.99573              -5.026          0.00753477
                 121            -4.95346             -5.0254          0.00749631
                 122            -5.01198            -5.02529          0.00743567
                 123            -5.05017            -5.02549          0.00737797
                 124            -5.07605             -5.0259          0.00732973
                 125            -5.04379            -5.02604          0.00727249
                 126            -5.00027            -5.02583          0.00721764
                 127            -5.03137            -5.02588          0.00716094
                 128            -4.97525            -5.02548          0.00711592
                 129            -5.01341            -5.02539          0.00706137
                 130             -4.9197            -5.02458           0.0070537
                 131              -4.968            -5.02414          0.00701306
                 132            -5.03921            -5.02426          0.00696086
                 133            -5.04029            -5.02438          0.00690957
                 134            -5.03867            -5.02449          0.00685883
                 135            -5.08514            -5.02493          0.00682272
                 136            -5.06696            -5.02524          0.00677955
                 137            -4.99587            -5.02503          0.00673345
                 138            -5.04697            -5.02519          0.00668653
                 139            -5.01877            -5.02514          0.00663859
                 140            -4.94529            -5.02457          0.00661563
                 141            -5.11826            -5.02524          0.00660199
                 142            -4.96193            -5.02479          0.00657053
                 143            -4.98295             -5.0245           0.0065311
                 144            -4.95651            -5.02403          0.00650279
                 145            -4.97335            -5.02368          0.00646732
                 146            -5.00162            -5.02353          0.00642479
                 147            -4.96954            -5.02316          0.00639157
                 148            -4.97308            -5.02282          0.00635734
                 149            -4.90473            -5.02203          0.00636388
                 150            -5.07885            -5.02241          0.00633272
                 151            -5.05676            -5.02263          0.00629487
                 152            -4.96178            -5.02223          0.00626617
                 153            -4.93133            -5.02164          0.00625332
                 154            -5.00247            -5.02151          0.00621395
                 155            -4.95807            -5.02111          0.00618733
                 156             -5.0398            -5.02123          0.00614883
                 157            -4.99371            -5.02105          0.00611216
                 158            -4.97274            -5.02074          0.00608112
                 159            -5.02826            -5.02079          0.00604306
                 160            -5.01479            -5.02075          0.00600541
                 161            -4.96514            -5.02041          0.00597803
                 162            -4.93783             -5.0199          0.00596282
                 163            -5.01352            -5.01986          0.00592637
                 164            -5.03969            -5.01998          0.00589146
                 165            -5.05696             -5.0202          0.00586002
                 166            -4.95637            -5.01982          0.00583732
                 167            -4.90933            -5.01916          0.00583974
                 168            -4.96625            -5.01884          0.00581347
                 169            -5.02132            -5.01886          0.00577909
                 170            -5.12119            -5.01946          0.00577636
                 171            -5.02718            -5.01951          0.00574275
                 172             -4.9539            -5.01912          0.00572202
                 173             -4.9965            -5.01899          0.00569044
                 174            -5.03775             -5.0191          0.00565875
                 175            -5.01774            -5.01909          0.00562642
                 176            -5.10722            -5.01959          0.00561669
                 177            -4.91825            -5.01902          0.00561407
                 178             -5.0073            -5.01896          0.00558292
                 179            -5.00045            -5.01885          0.00555268
                 180            -5.05784            -5.01907          0.00552606
                 181            -5.06231            -5.01931          0.00550069
                 182            -5.02991            -5.01937          0.00547077
                 183            -4.99228            -5.01922          0.00544288
                 184            -4.97288            -5.01897          0.00541912
                 185            -4.98496            -5.01878          0.00539295
                 186            -5.10165            -5.01923          0.00538232
                 187            -4.99264            -5.01909          0.00535542
                 188            -4.97671            -5.01886          0.00533167
                 189            -5.07299            -5.01915          0.00531115
                 190            -5.01653            -5.01913          0.00528321
                 191            -4.97979            -5.01893          0.00525957
                 192            -4.98896            -5.01877          0.00523449
                 193            -4.97386            -5.01854          0.00521254
                 194             -4.9319            -5.01809          0.00520476
                 195            -4.95412            -5.01776           0.0051884
                 196            -5.00192            -5.01768          0.00516256
                 197            -5.02242            -5.01771          0.00513641
                 198            -5.12094            -5.01823          0.00513686
                 199            -4.99416            -5.01811          0.00511247
                 200            -4.93562            -5.01769          0.00510352
                 201            -4.99791             -5.0176          0.00507908
                 202            -5.02113            -5.01761          0.00505396
                 203            -5.08718            -5.01796          0.00504067
                 204            -5.08973            -5.01831          0.00502823
                 205            -5.05152            -5.01847          0.00500631
                 206             -5.0741            -5.01874          0.00498928
                 207            -5.00349            -5.01867          0.00496572
                 208            -4.93048            -5.01824          0.00495991
                 209            -4.94648             -5.0179          0.00494805
                 210            -4.99815             -5.0178          0.00492538
                 211            -4.98916            -5.01767          0.00490391
                 212            -4.99808            -5.01758          0.00488165
                 213            -4.99646            -5.01748          0.00485974
                 214            -5.06444             -5.0177          0.00484198
                 215             -5.0776            -5.01798          0.00482747
                 216            -4.93781             -5.0176          0.00481937
                 217            -5.01755             -5.0176          0.00479716
                 218            -5.06035             -5.0178          0.00477916
                 219            -4.99514             -5.0177          0.00475846
                 220            -4.96169            -5.01744          0.00474363
                 221            -4.91198            -5.01697          0.00474611
                 222            -4.99047            -5.01685          0.00472623
                 223            -5.05859            -5.01703          0.00470874
                 224            -5.01537            -5.01703          0.00468773
                 225            -5.05431            -5.01719          0.00466982
                 226            -5.00298            -5.01713          0.00464958
                 227            -5.05063            -5.01728          0.00463144
                 228             -5.0676             -5.0175          0.00461638
                 229            -4.96646            -5.01727           0.0046016
                 230            -4.92216            -5.01686          0.00460014
                 231            -5.03608            -5.01694          0.00458097
                 232            -5.04813            -5.01708           0.0045632
                 233            -5.03818            -5.01717          0.00454452
                 234            -4.90452            -5.01669          0.00455052
                 235            -4.99512             -5.0166          0.00453208
                 236            -4.99551            -5.01651          0.00451376
                 237            -5.10434            -5.01688           0.0045099
                 238            -5.10232            -5.01724          0.00450522
                 239            -5.12931             -5.0177          0.00451071
                 240            -5.15357            -5.01827           0.0045273
                 241            -5.06593            -5.01847          0.00451283
                 242            -5.05654            -5.01863          0.00449693
                 243              -4.984            -5.01848          0.00448068
                 244            -5.03789            -5.01856          0.00446302
                 245            -4.99835            -5.01848          0.00444557
                 246            -4.99247            -5.01837          0.00442875
                 247            -4.95852            -5.01813          0.00441745
                 248             -5.0515            -5.01827          0.00440168
                 249            -5.04403            -5.01837          0.00438522
                 250            -5.04639            -5.01848          0.00436911
                 251            -4.99889             -5.0184           0.0043524
                 252            -5.06111            -5.01857          0.00433843
                 253            -5.07119            -5.01878          0.00432626
                 254            -5.07848            -5.01902          0.00431561
                 255            -5.02026            -5.01902          0.00429869
                 256            -4.99999            -5.01895          0.00428254
                 257            -5.02393            -5.01897          0.00426592
                 258            -5.11886            -5.01935          0.00426692
                 259            -5.16508            -5.01992          0.00428738
                 260            -5.07804            -5.02014          0.00427672
                 261            -5.06838            -5.02032          0.00426432
                 262            -5.03764            -5.02039          0.00424856
                 263            -5.05753            -5.02053          0.00423475
                 264            -4.99851            -5.02045          0.00421953
                 265            -4.99069            -5.02034           0.0042051
                 266            -4.98989            -5.02022          0.00419085
                 267            -4.98366            -5.02008          0.00417739
                 268            -4.91889            -5.01971          0.00417883
                 269            -4.93898            -5.01941          0.00417406
                 270            -4.99611            -5.01932          0.00415949
                 271            -4.94454            -5.01904          0.00415329
                 272            -5.03666            -5.01911          0.00413852
                 273            -4.99486            -5.01902          0.00412431
                 274            -5.01461              -5.019          0.00410929
                 275            -4.96032            -5.01879          0.00409989
                 276             -5.0805            -5.01901          0.00409112
                 277            -4.92264            -5.01867          0.00409112
                 278            -4.99334            -5.01858          0.00407742
                 279            -5.01373            -5.01856          0.00406284
                 280            -4.96089            -5.01835          0.00405355
                 281            -4.91132            -5.01797          0.00405698
                 282             -4.9522            -5.01774          0.00404929
                 283            -4.93758            -5.01746          0.00404488
                 284            -4.93321            -5.01716           0.0040415
                 285            -5.03336            -5.01722          0.00402772
                 286            -5.00979            -5.01719          0.00401372
                 287            -4.94673            -5.01694          0.00400724
                 288            -5.07118            -5.01713          0.00399775
                 289            -5.00756             -5.0171          0.00398405
                 290            -4.97616            -5.01696          0.00397281
                 291             -4.9629            -5.01677           0.0039635
                 292            -4.99418            -5.01669          0.00395068
                 293            -4.95161            -5.01647          0.00394344
                 294            -4.97703            -5.01634          0.00393231
                 295            -4.97712            -5.01621          0.00392122
                 296            -5.02565            -5.01624           0.0039081
                 297            -4.97932            -5.01611          0.00389692
                 298            -5.00371            -5.01607          0.00388407
                 299            -5.00634            -5.01604          0.00387121
                 300            -5.02529            -5.01607          0.00385843
                 301            -4.90511             -5.0157          0.00386318
                 302            -4.95226            -5.01549           0.0038561
                 303            -5.07701            -5.01569          0.00384871
                 304            -5.02635            -5.01573          0.00383621
                 305            -5.11387            -5.01605           0.0038371
                 306            -5.13863            -5.01645          0.00384542
                 307            -4.93085            -5.01617          0.00384299
                 308            -5.16591            -5.01666          0.00386114
                 309            -5.00085            -5.01661          0.00384898
                 310            -5.08522            -5.01683          0.00384292
                 311            -4.99127            -5.01675          0.00383145
                 312            -5.11446            -5.01706          0.00383194
                 313            -5.09653            -5.01731           0.0038281
                 314             -5.0608            -5.01745          0.00381842
                 315            -5.06749            -5.01761           0.0038096
                 316            -5.00808            -5.01758          0.00379766
                 317             -5.0175            -5.01758          0.00378568
                 318            -5.01176            -5.01756          0.00377382
                 319            -4.98158            -5.01745          0.00376368
                 320            -5.10732            -5.01773          0.00376238
                 321            -5.05817            -5.01786          0.00375277
                 322            -5.07597            -5.01804          0.00374545
                 323            -5.00768            -5.01801          0.00373399
                 324            -5.04266            -5.01808          0.00372324
                 325            -5.11998            -5.01839          0.00372496
                 326            -5.18936            -5.01892          0.00375027
                 327            -5.01038            -5.01889           0.0037389
                 328             -5.0527              -5.019          0.00372892
                 329            -5.03895            -5.01906          0.00371808
                 330            -5.07236            -5.01922          0.00371032
                 331            -5.05021            -5.01931          0.00370029
                 332            -5.03349            -5.01935          0.00368939
                 333            -4.98345            -5.01925          0.00367989
                 334            -5.14952            -5.01964          0.00368948
                 335            -5.00347            -5.01959          0.00367878
                 336            -4.98238            -5.01948           0.0036695
                 337            -4.97643            -5.01935          0.00366084
                 338            -5.01284            -5.01933          0.00365006
                 339            -4.99033            -5.01925          0.00364029
                 340            -5.07686            -5.01941          0.00363353
                 341            -5.04187            -5.01948          0.00362347
                 342            -4.97748            -5.01936          0.00361495
                 343            -5.08535            -5.01955          0.00360953
                 344             -5.0074            -5.01951          0.00359921
                 345            -5.06538            -5.01965          0.00359123
                 346            -4.93208            -5.01939          0.00358976
                 347            -5.02945            -5.01942          0.00357953
                 348            -4.93924            -5.01919          0.00357665
                 349             -5.0346            -5.01924          0.00356668
                 350            -4.94714            -5.01903          0.00356243
                 351            -5.01511            -5.01902           0.0035523
                 352            -5.04038            -5.01908          0.00354273
                 353            -5.05452            -5.01918          0.00353411
                 354            -5.00576            -5.01914          0.00352433
                 355            -5.06077            -5.01926          0.00351635
                 356            -5.08831            -5.01945          0.00351182
                 357            -5.03987            -5.01951          0.00350245
                 358            -5.05046             -5.0196          0.00349373
                 359            -4.99683            -5.01953          0.00348458
                 360            -4.97365            -5.01941          0.00347723
                 361            -5.06675            -5.01954          0.00347007
                 362            -5.04075             -5.0196          0.00346098
                 363            -5.08407            -5.01977            0.003456
                 364             -5.0181            -5.01977          0.00344651
                 365            -4.98749            -5.01968           0.0034382
                 366            -5.07024            -5.01982          0.00343158
                 367            -5.04192            -5.01988          0.00342276
                 368            -4.91703             -5.0196          0.00342485
                 369            -5.02748            -5.01962          0.00341563
                 370            -4.94643            -5.01942          0.00341212
                 371            -5.08817            -5.01961          0.00340795
                 372            -4.96404            -5.01946          0.00340206
                 373            -5.08806            -5.01964          0.00339791
                 374            -5.01907            -5.01964          0.00338883
                 375            -5.03802            -5.01969          0.00338014
                 376            -5.11098            -5.01993          0.00337986
                 377            -4.98579            -5.01984          0.00337211
                 378            -5.02942            -5.01987          0.00336329
                 379              -5.049            -5.01995          0.00335529
                 380            -4.96418             -5.0198          0.00334967
                 381            -4.97838            -5.01969          0.00334264
                 382            -5.08575            -5.01986          0.00333836
                 383            -4.96491            -5.01972          0.00333273
                 384            -5.07327            -5.01986          0.00332696
                 385            -5.04019            -5.01991          0.00331874
                 386            -5.05469               -5.02          0.00331137
                 387            -5.01041            -5.01998           0.0033029
                 388            -5.00901            -5.01995          0.00329451
                 389            -4.98478            -5.01986          0.00328728
                 390            -4.96833            -5.01973          0.00328151
                 391            -4.96289            -5.01958          0.00327633
                 392            -4.96122            -5.01943          0.00327135
                 393             -5.0792            -5.01958          0.00326656
                 394            -5.04818            -5.01966          0.00325908
                 395            -5.08558            -5.01982           0.0032551
                 396            -5.03561            -5.01986          0.00324712
                 397            -5.01066            -5.01984          0.00323903
                 398            -4.91214            -5.01957          0.00324217
                 399             -4.9897             -5.0195          0.00323491
                 400            -5.08901            -5.01967          0.00323149
                 401            -5.05159            -5.01975          0.00322441
                 402            -4.99514            -5.01969          0.00321697
                 403            -5.03308            -5.01972          0.00320916
                 404            -4.93622            -5.01951          0.00320786
                 405            -4.91618            -5.01926          0.00321007
                 406            -4.93587            -5.01905          0.00320873
                 407             -5.0024            -5.01901          0.00320111
                 408            -4.99744            -5.01896           0.0031937
                 409            -4.97806            -5.01886          0.00318745
                 410            -4.99748            -5.01881          0.00318011
                 411            -4.95637            -5.01866            0.003176
                 412            -5.06016            -5.01876          0.00316988
                 413             -5.0623            -5.01886          0.00316396
                 414              -4.985            -5.01878          0.00315738
                 415            -4.98298            -5.01869          0.00315095
                 416            -4.99447            -5.01864          0.00314391
                 417            -5.07996            -5.01878          0.00313981
                 418            -5.01715            -5.01878           0.0031323
                 419            -4.94339             -5.0186          0.00312999
                 420            -5.03188            -5.01863          0.00312269
                 421            -5.06974            -5.01875          0.00311764
                 422             -5.1073            -5.01896           0.0031173
                 423            -5.08111            -5.01911          0.00311339
                 424            -5.17419            -5.01947          0.00312746
                 425            -5.13074            -5.01974          0.00313104
                 426            -5.05386            -5.01982          0.00312471
                 427            -5.02265            -5.01982           0.0031174
                 428            -5.06208            -5.01992          0.00311168
                 429             -5.0555               -5.02          0.00310553
                 430            -4.99511            -5.01995          0.00309885
                 431             -5.0249            -5.01996          0.00309168
                 432            -4.94123            -5.01978          0.00308989
                 433            -4.95754            -5.01963           0.0030861
                 434             -4.9594            -5.01949          0.00308211
                 435            -4.93484             -5.0193          0.00308116
                 436            -5.02874            -5.01932          0.00307417
                 437            -5.11316            -5.01953          0.00307462
                 438            -5.00693            -5.01951          0.00306774
                 439            -5.06364            -5.01961           0.0030624
                 440            -5.00504            -5.01957          0.00305562
                 441            -4.96809            -5.01946          0.00305092
                 442            -5.00448            -5.01942           0.0030442
                 443            -5.00652            -5.01939          0.00303747
                 444            -5.01415            -5.01938          0.00303065
                 445            -4.94477            -5.01921          0.00302848
                 446            -4.98424            -5.01914           0.0030227
                 447            -5.02399            -5.01915          0.00301596
                 448            -5.03713            -5.01919          0.00300949
                 449            -4.98313            -5.01911          0.00300386
                 450            -5.09054            -5.01927          0.00300138
                 451            -4.99792            -5.01922           0.0029951
                 452            -4.96351            -5.01909            0.002991
                 453            -4.98212            -5.01901          0.00298551
                 454            -5.00978            -5.01899          0.00297901
                 455            -5.03989            -5.01904          0.00297281
                 456            -5.11982            -5.01926           0.0029745
                 457            -5.09563            -5.01943          0.00297268
                 458            -4.98905            -5.01936          0.00296693
                 459            -4.97849            -5.01927           0.0029618
                 460            -5.06284            -5.01937          0.00295688
                 461            -5.04583            -5.01942          0.00295102
                 462            -4.90392            -5.01917           0.0029552
                 463            -5.08147            -5.01931          0.00295188
                 464            -4.98127            -5.01923          0.00294666
                 465             -5.0001            -5.01919          0.00294061
                 466            -4.98687            -5.01912          0.00293512
                 467            -5.04409            -5.01917          0.00292932
                 468             -5.0326             -5.0192           0.0029232
                 469            -5.00583            -5.01917          0.00291711
                 470            -4.98456             -5.0191          0.00291183
                 471            -5.03707            -5.01913           0.0029059
                 472            -5.00289             -5.0191          0.00289994
                 473            -4.97291              -5.019          0.00289546
                 474            -5.04991            -5.01907          0.00289008
                 475            -5.00274            -5.01903           0.0028842
                 476            -4.93286            -5.01885          0.00288382
                 477            -4.98831            -5.01879          0.00287849
                 478            -4.98759            -5.01872           0.0028732
                 479            -5.03049            -5.01875          0.00286731
                 480            -5.01709            -5.01874          0.00286134
                 481            -5.03895            -5.01879           0.0028557
                 482            -5.00692            -5.01876          0.00284988
                 483            -5.09385            -5.01892          0.00284822
                 484            -5.01869            -5.01892          0.00284233
                 485            -5.04714            -5.01897          0.00283707
                 486            -4.95464            -5.01884          0.00283432
                 487             -5.0074            -5.01882          0.00282859
                 488            -4.95608            -5.01869          0.00282572
                 489            -4.96335            -5.01858           0.0028222
                 490            -5.05357            -5.01865          0.00281735
                 491            -4.99783            -5.01861          0.00281193
                 492            -5.05994            -5.01869          0.00280747
                 493            -4.96838            -5.01859          0.00280363
                 494            -5.00612            -5.01856          0.00279807
                 495            -5.04489            -5.01862          0.00279292
                 496            -4.96962            -5.01852          0.00278903
                 497            -5.00794             -5.0185           0.0027835
                 498            -5.07681            -5.01861          0.00278038
                 499            -5.11757            -5.01881          0.00278187
                 500            -5.00123            -5.01878          0.00277653
                 501            -4.95758            -5.01865          0.00277367
                 502            -5.05285            -5.01872          0.00276898
                 503            -5.01738            -5.01872          0.00276348
                 504            -5.03367            -5.01875          0.00275815
                 505            -5.11583            -5.01894          0.00275938
                 506            -4.99367            -5.01889          0.00275438
                 507            -5.01857            -5.01889          0.00274895
                 508            -5.01637            -5.01889          0.00274354
                 509            -5.02395             -5.0189          0.00273817
                 510            -5.01535            -5.01889          0.00273281
                 511            -4.89508            -5.01865          0.00273818
                 512            -5.09043            -5.01879          0.00273642
                 513            -5.07087            -5.01889          0.00273297
                 514            -4.99721            -5.01885          0.00272798
                 515            -5.08074            -5.01897          0.00272533
                 516              -4.991            -5.01891          0.00272058
                 517            -4.87219            -5.01863          0.00273008
                 518            -5.05402             -5.0187          0.00272567
                 519            -5.02855            -5.01872          0.00272048
                 520            -4.93049            -5.01855          0.00272054
                 521            -5.07376            -5.01865          0.00271738
                 522            -5.07106            -5.01875          0.00271403
                 523            -4.95975            -5.01864          0.00271118
                 524            -4.95895            -5.01853           0.0027084
                 525            -5.11092             -5.0187          0.00270895
                 526            -5.07041             -5.0188          0.00270558
                 527            -5.07489            -5.01891          0.00270254
                 528            -5.08121            -5.01902              0.0027
                 529            -5.00242            -5.01899          0.00269508
                 530            -5.00579            -5.01897          0.00269011
                 531             -4.9801            -5.01889          0.00268604
                 532            -5.06535            -5.01898          0.00268241
                 533            -5.00397            -5.01895          0.00267752
                 534            -4.99881            -5.01892          0.00267277
                 535            -4.91159            -5.01872           0.0026753
                 536            -5.02006            -5.01872          0.00267031
                 537            -5.06038             -5.0188          0.00266646
                 538            -4.96605             -5.0187          0.00266331
                 539            -4.91011             -5.0185          0.00266597
                 540            -5.01238            -5.01848          0.00266106
                 541            -5.00545            -5.01846          0.00265625
                 542            -4.91196            -5.01826          0.00265861
                 543            -4.96299            -5.01816          0.00265566
                 544            -4.98928            -5.01811          0.00265131
                 545            -5.01914            -5.01811          0.00264644
                 546            -4.97274            -5.01803           0.0026429
                 547            -5.06677            -5.01812          0.00263957
                 548            -5.04035            -5.01816          0.00263507
                 549            -4.90383            -5.01795          0.00263848
                 550            -5.03749            -5.01798          0.00263392
                 551            -5.00876            -5.01797           0.0026292
                 552              -5.025            -5.01798          0.00262447
                 553            -5.00211            -5.01795          0.00261988
                 554            -5.00176            -5.01792          0.00261531
                 555            -5.02692            -5.01794          0.00261065
                 556            -4.95139            -5.01782           0.0026087
                 557            -5.06072             -5.0179          0.00260515
                 558            -4.97203            -5.01781          0.00260178
                 559              -4.977            -5.01774          0.00259815
                 560            -5.01325            -5.01773          0.00259352
                 561            -5.08516            -5.01785          0.00259168
                 562            -5.08168            -5.01797          0.00258955
                 563            -4.97981             -5.0179          0.00258584
                 564            -4.96892            -5.01781          0.00258271
                 565            -5.06822             -5.0179          0.00257968
                 566            -5.05767            -5.01797          0.00257608
                 567            -4.94605            -5.01784          0.00257466
                 568            -4.94404            -5.01771           0.0025734
                 569            -5.06245            -5.01779          0.00257008
                 570            -5.03997            -5.01783          0.00256587
                 571            -5.00607            -5.01781          0.00256146
                 572            -4.95522             -5.0177          0.00255932
                 573            -5.04739            -5.01775          0.00255537
                 574            -5.01969            -5.01776          0.00255092
                 575            -4.96104            -5.01766          0.00254839
                 576            -4.93326            -5.01751          0.00254818
                 577            -5.04908            -5.01757          0.00254435
                 578            -5.01289            -5.01756          0.00253996
                 579            -4.98459             -5.0175          0.00253621
                 580            -4.97919            -5.01744           0.0025327
                 581            -4.99925             -5.0174          0.00252853
                 582            -4.98782            -5.01735           0.0025247
                 583            -4.94575            -5.01723          0.00252335
                 584            -4.89116            -5.01702          0.00252825
                 585            -5.06873             -5.0171          0.00252547
                 586             -5.0376            -5.01714          0.00252141
                 587            -5.09848            -5.01728          0.00252092
                 588             -4.9655            -5.01719          0.00251817
                 589            -5.08811            -5.01731          0.00251677
                 590            -5.10746            -5.01746          0.00251714
                 591            -4.97339            -5.01739          0.00251398
                 592            -5.03607            -5.01742          0.00250993
                 593            -4.92719            -5.01727          0.00251031
                 594            -4.95004            -5.01715          0.00250863
                 595            -4.93206            -5.01701          0.00250849
                 596            -4.99867            -5.01698          0.00250447
                 597            -4.99619            -5.01695          0.00250052
                 598            -5.04506            -5.01699          0.00249678
                 599            -4.90684            -5.01681          0.00249937
                 600             -4.9871            -5.01676           0.0024957
                 601            -5.04008             -5.0168          0.00249184
                 602            -4.90573            -5.01661          0.00249453
                 603            -4.90654            -5.01643          0.00249706
                 604            -4.91328            -5.01626          0.00249876
                 605            -5.05352            -5.01632          0.00249539
                 606            -5.04139            -5.01636          0.00249161
                 607            -4.99064            -5.01632          0.00248787
                 608            -4.97629            -5.01625          0.00248465
                 609            -5.00085            -5.01623           0.0024807
                 610            -4.99473            -5.01619          0.00247688
                 611            -4.98752            -5.01615          0.00247327
                 612             -5.0886            -5.01627          0.00247206
                 613            -4.97595             -5.0162           0.0024689
                 614            -5.06395            -5.01628          0.00246611
                 615            -4.97602            -5.01621          0.00246297
                 616            -5.00443            -5.01619          0.00245904
                 617            -5.12284            -5.01637          0.00246112
                 618            -5.09213            -5.01649          0.00246019
                 619            -4.99142            -5.01645          0.00245655
                 620            -4.97699            -5.01638          0.00245341
                 621            -4.95995            -5.01629          0.00245114
                 622            -4.99611            -5.01626          0.00244742
                 623            -5.01634            -5.01626          0.00244349
                 624            -5.15287            -5.01648          0.00244936
                 625            -4.97048            -5.01641          0.00244655
                 626            -5.00928            -5.01639          0.00244267
                 627            -5.00592            -5.01638          0.00243883
                 628            -5.04119            -5.01642          0.00243526
                 629            -5.13378             -5.0166          0.00243853
                 630            -4.96264            -5.01652          0.00243616
                 631             -5.0539            -5.01658          0.00243302
                 632            -5.00813            -5.01656          0.00242921
                 633            -5.01527            -5.01656          0.00242537
                 634            -5.09786            -5.01669          0.00242493
                 635            -4.94614            -5.01658          0.00242366
                 636            -5.03914            -5.01662          0.00242011
                 637            -5.00269            -5.01659          0.00241641
                 638            -5.01072            -5.01658          0.00241264
                 639            -5.00284            -5.01656          0.00240896
                 640            -4.99015            -5.01652          0.00240555
                 641            -4.93524            -5.01639          0.00240513
                 642            -4.95528             -5.0163          0.00240327
                 643            -4.96368            -5.01622          0.00240093
                 644            -5.07911            -5.01632          0.00239918
                 645            -5.03774            -5.01635          0.00239569
                 646            -5.06889            -5.01643          0.00239337
                 647            -4.94883            -5.01633          0.00239195
                 648            -4.98108            -5.01627          0.00238887
                 649            -4.99177            -5.01623          0.00238549
                 650            -5.01755            -5.01624          0.00238182
                 651            -5.04724            -5.01628          0.00237864
                 652            -5.02948             -5.0163          0.00237508
                 653            -5.07496            -5.01639          0.00237314
                 654             -4.9552             -5.0163          0.00237135
                 655            -5.00866            -5.01629          0.00236776
                 656            -5.06952            -5.01637          0.00236554
                 657            -4.93452            -5.01624          0.00236522
                 658            -5.09069            -5.01636          0.00236433
                 659            -4.99296            -5.01632          0.00236101
                 660            -5.08468            -5.01643           0.0023597
                 661            -5.15001            -5.01663          0.00236477
                 662            -5.08339            -5.01673          0.00236335
                 663            -4.96376            -5.01665          0.00236113
                 664            -5.08752            -5.01676          0.00235999
                 665            -5.06992            -5.01684          0.00235779
                 666            -5.07396            -5.01692          0.00235581
                 667            -4.89908            -5.01674           0.0023589
                 668            -4.96326            -5.01666          0.00235672
                 669            -5.04633            -5.01671          0.00235362
                 670            -4.94978            -5.01661          0.00235222
                 671            -5.00699            -5.01659          0.00234876
                 672            -5.01689            -5.01659          0.00234527
                 673            -5.03206            -5.01662           0.0023419
                 674            -5.08828            -5.01672          0.00234083
                 675            -5.01952            -5.01673          0.00233737
                 676            -5.05974            -5.01679          0.00233478
                 677            -5.05737            -5.01685           0.0023321
                 678            -4.94031            -5.01674          0.00233139
                 679            -5.09223            -5.01685           0.0023306
                 680            -5.00721            -5.01684          0.00232722
                 681             -4.9596            -5.01675          0.00232532
                 682            -5.12226            -5.01691          0.00232705
                 683             -5.0668            -5.01698          0.00232479
                 684            -5.05396            -5.01703          0.00232202
                 685            -4.99048            -5.01699          0.00231895
                 686            -5.03443            -5.01702          0.00231571
                 687            -5.02008            -5.01702          0.00231235
                 688            -5.04195            -5.01706          0.00230927
                 689            -5.06428            -5.01713          0.00230693
                 690            -5.00317            -5.01711          0.00230368
                 691            -5.01809            -5.01711          0.00230035
                 692            -5.01758            -5.01711          0.00229702
                 693            -5.05509            -5.01717          0.00229436
                 694            -4.97728            -5.01711          0.00229178
                 695            -4.95936            -5.01703          0.00228998
                 696            -5.03372            -5.01705          0.00228682
                 697            -4.94907            -5.01695          0.00228562
                 698            -4.91376             -5.0168          0.00228712
                 699             -5.0464            -5.01685          0.00228424
                 700            -4.97019            -5.01678          0.00228195
                 701            -5.03334             -5.0168          0.00227881
                 702            -5.06953            -5.01688          0.00227681
                 703            -5.02361            -5.01689          0.00227359
                 704            -5.06124            -5.01695          0.00227123
                 705            -5.10305            -5.01707          0.00227129
                 706            -5.04304            -5.01711          0.00226837
                 707            -5.01584            -5.01711          0.00226516
                 708            -5.06812            -5.01718          0.00226311
                 709            -4.99811            -5.01715          0.00226008
                 710            -4.90639              -5.017          0.00226227
                 711            -5.01941              -5.017          0.00225909
                 712            -5.08245            -5.01709          0.00225779
                 713            -5.01935             -5.0171          0.00225462
                 714            -4.98797            -5.01706          0.00225184
                 715            -5.11852             -5.0172          0.00225315
                 716            -4.95733            -5.01711          0.00225156
                 717            -4.95645            -5.01703          0.00225001
                 718            -4.91685            -5.01689           0.0022512
                 719             -5.0128            -5.01688          0.00224807
                 720            -4.96067            -5.01681           0.0022463
                 721            -5.00414            -5.01679          0.00224326
                 722            -5.05356            -5.01684          0.00224073
                 723            -5.03298            -5.01686          0.00223774
                 724            -5.11598              -5.017          0.00223883
                 725            -4.96778            -5.01693          0.00223677
                 726            -4.92369             -5.0168          0.00223738
                 727            -4.98259            -5.01675           0.0022348
                 728            -4.96634            -5.01669           0.0022328
                 729            -5.10573            -5.01681          0.00223307
                 730            -4.99573            -5.01678           0.0022302
                 731            -4.97565            -5.01672          0.00222786
                 732            -4.82897            -5.01647          0.00223953
                 733            -4.94638            -5.01637          0.00223852
                 734            -5.03165            -5.01639          0.00223556
                 735            -5.00565            -5.01638          0.00223257
                 736            -5.04339            -5.01641          0.00222984
                 737            -5.08159             -5.0165          0.00222857
                 738            -5.06842            -5.01657          0.00222666
                 739            -5.02165            -5.01658          0.00222365
                 740            -5.00324            -5.01656          0.00222072
                 741             -4.9832            -5.01652          0.00221818
                 742            -4.94347            -5.01642          0.00221738
                 743            -5.13431            -5.01658          0.00222006
                 744            -5.04822            -5.01662          0.00221748
                 745              -4.989            -5.01658          0.00221482
                 746            -5.07783            -5.01666          0.00221337
                 747             -5.0114            -5.01666          0.00221042
                 748            -5.08818            -5.01675          0.00220953
                 749            -4.91494            -5.01662          0.00221076
                 750            -4.96572            -5.01655          0.00220885
                 751            -4.95665            -5.01647          0.00220735
                 752            -4.95754            -5.01639           0.0022058
                 753            -4.90902            -5.01625          0.00220748
                 754            -5.00567            -5.01623           0.0022046
                 755            -5.05267            -5.01628           0.0022022
                 756            -4.91651            -5.01615          0.00220324
                 757            -5.01113            -5.01614          0.00220034
                 758            -5.04864            -5.01619          0.00219786
                 759            -4.96152            -5.01611          0.00219614
                 760            -4.98716            -5.01608          0.00219358
                 761            -5.00827            -5.01607          0.00219072
                 762            -4.97682            -5.01601          0.00218845
                 763            -4.97425            -5.01596          0.00218627
                 764             -5.0001            -5.01594          0.00218351
                 765            -4.98313             -5.0159          0.00218107
                 766            -4.95637            -5.01582          0.00217961
                 767            -5.16327            -5.01601          0.00218523
                 768            -5.10568            -5.01613           0.0021855
                 769            -5.00323            -5.01611          0.00218272
                 770            -5.10259            -5.01622          0.00218278
                 771            -4.96639            -5.01616           0.0021809
                 772            -5.03966            -5.01619          0.00217829
                 773            -4.95396            -5.01611          0.00217696
                 774            -4.97809            -5.01606           0.0021747
                 775            -5.04907             -5.0161          0.00217231
                 776            -5.07791            -5.01618          0.00217097
                 777             -5.0379            -5.01621          0.00216836
                 778            -4.94831            -5.01612          0.00216733
                 779            -5.03151            -5.01614          0.00216463
                 780            -5.11995            -5.01627          0.00216595
                 781            -4.93565            -5.01617          0.00216563
                 782            -4.98816            -5.01614          0.00216316
                 783            -4.97911            -5.01609          0.00216091
                 784            -5.08589            -5.01618          0.00215999
                 785            -5.03326             -5.0162          0.00215735
                 786            -4.97383            -5.01615          0.00215528
                 787            -4.98026             -5.0161          0.00215302
                 788            -4.97813            -5.01605          0.00215083
                 789            -5.00709            -5.01604          0.00214813
                 790            -5.03552            -5.01606          0.00214555
                 791            -4.98928            -5.01603          0.00214311
                 792            -5.05483            -5.01608          0.00214096
                 793            -5.07577            -5.01616          0.00213958
                 794            -5.02877            -5.01617          0.00213695
                 795            -5.06077            -5.01623            0.002135
                 796            -4.99487             -5.0162          0.00213248
                 797            -5.06662            -5.01626          0.00213075
                 798            -5.11514            -5.01639          0.00213168
                 799            -5.07351            -5.01646          0.00213021
                 800            -4.90209            -5.01632          0.00213234
                 801            -4.95043            -5.01623          0.00213126
                 802             -5.1292            -5.01637          0.00213325
                 803            -5.01845            -5.01638           0.0021306
                 804            -4.97949            -5.01633          0.00212844
                 805            -5.01783            -5.01633           0.0021258
                 806            -4.99885            -5.01631          0.00212327
                 807            -4.99076            -5.01628          0.00212088
                 808            -4.99086            -5.01625          0.00211848
                 809             -4.9384            -5.01615          0.00211805
                 810            -5.14235            -5.01631          0.00212116
                 811            -5.06834            -5.01637          0.00211951
                 812            -5.01954            -5.01638           0.0021169
                 813            -4.95938            -5.01631          0.00211546
                 814            -4.94496            -5.01622          0.00211468
                 815            -5.01129            -5.01621          0.00211209
                 816            -4.98779            -5.01618          0.00210979
                 817            -4.93368            -5.01608          0.00210962
                 818            -5.04855            -5.01612          0.00210742
                 819            -5.03597            -5.01614          0.00210498
                 820             -5.0293            -5.01616          0.00210248
                 821            -5.07671            -5.01623          0.00210121
                 822             -5.0529            -5.01627          0.00209913
                 823            -5.05302            -5.01632          0.00209705
                 824            -5.05159            -5.01636          0.00209494
                 825            -5.00845            -5.01635          0.00209243
                 826             -5.1257            -5.01649          0.00209408
                 827            -5.03352            -5.01651          0.00209165
                 828            -4.94744            -5.01642          0.00209078
                 829            -5.05644            -5.01647          0.00208882
                 830            -5.02747            -5.01648          0.00208634
                 831             -5.0074            -5.01647          0.00208386
                 832            -5.10717            -5.01658          0.00208421
                 833            -5.06664            -5.01664          0.00208257
                 834            -5.04388            -5.01667          0.00208033
                 835            -4.97658            -5.01663          0.00207839
                 836            -5.02536            -5.01664          0.00207593
                 837            -5.03538            -5.01666          0.00207357
                 838             -4.8731            -5.01649          0.00207816
                 839            -5.04132            -5.01652           0.0020759
                 840            -4.99421            -5.01649          0.00207359
                 841            -5.01924            -5.01649          0.00207113
                 842            -4.97655            -5.01645          0.00206922
                 843            -4.98224            -5.01641          0.00206716
                 844            -5.08707            -5.01649           0.0020664
                 845             -5.0551            -5.01654          0.00206446
                 846            -4.92508            -5.01643          0.00206485
                 847            -5.06953            -5.01649          0.00206337
                 848            -5.04269            -5.01652          0.00206116
                 849            -4.97795            -5.01648          0.00205924
                 850            -5.07148            -5.01654          0.00205783
                 851             -5.0092            -5.01653          0.00205543
                 852            -5.09212            -5.01662          0.00205493
                 853            -4.98218            -5.01658          0.00205292
                 854            -4.98396            -5.01654          0.00205087
                 855            -5.04795            -5.01658           0.0020488
                 856            -4.97316            -5.01653          0.00204704
                 857            -5.11077            -5.01664           0.0020476
                 858            -5.09863            -5.01673          0.00204744
                 859            -4.95567            -5.01666          0.00204629
                 860             -5.0039            -5.01665          0.00204396
                 861            -5.04327            -5.01668          0.00204182
                 862            -4.94857             -5.0166          0.00204098
                 863            -4.98954            -5.01657          0.00203886
                 864            -5.04386             -5.0166          0.00203675
                 865            -4.91812            -5.01649          0.00203757
                 866            -4.93683            -5.01639          0.00203729
                 867            -5.03213            -5.01641          0.00203502
                 868            -5.08302            -5.01649          0.00203412
                 869            -5.02142            -5.01649          0.00203179
                 870            -5.02352             -5.0165          0.00202947
                 871            -4.97077            -5.01645          0.00202782
                 872            -5.03399            -5.01647           0.0020256
                 873            -5.05017            -5.01651          0.00202364
                 874            -5.03338            -5.01653          0.00202142
                 875            -5.06319            -5.01658          0.00201981
                 876            -5.02618            -5.01659          0.00201754
                 877            -5.01388            -5.01659          0.00201524
                 878            -5.00295            -5.01657            0.002013
                 879            -5.06297            -5.01663          0.00201141
                 880            -5.06486            -5.01668          0.00200987
                 881            -4.98407            -5.01664          0.00200793
                 882            -4.91525            -5.01653          0.00200894
                 883            -5.10156            -5.01663          0.00200897
                 884             -4.9765            -5.01658          0.00200721
                 885            -4.97791            -5.01654          0.00200542
                 886            -5.06916             -5.0166          0.00200403
                 887            -5.02761            -5.01661          0.00200181
                 888            -5.08783            -5.01669          0.00200116
                 889            -4.88246            -5.01654           0.0020046
                 890            -5.12911            -5.01666          0.00200634
                 891            -5.06429            -5.01672           0.0020048
                 892            -5.10791            -5.01682          0.00200515
                 893            -4.96533            -5.01676          0.00200374
                 894            -4.92507            -5.01666          0.00200412
                 895            -4.91052            -5.01654          0.00200538
                 896            -4.94704            -5.01646          0.00200465
                 897            -4.98521            -5.01643          0.00200271
                 898            -5.02755            -5.01644          0.00200052
                 899            -4.94634            -5.01636          0.00199982
                 900            -5.04534             -5.0164          0.00199785
                 901            -5.09383            -5.01648          0.00199748
                 902            -5.05293            -5.01652          0.00199568
                 903            -5.05731            -5.01657          0.00199398
                 904            -5.13414             -5.0167          0.00199601
                 905            -5.04648            -5.01673          0.00199408
                 906            -4.97804            -5.01669          0.00199233
                 907            -5.03668            -5.01671          0.00199026
                 908            -4.94241            -5.01663          0.00198975
                 909            -4.92655            -5.01653          0.00199002
                 910            -5.05227            -5.01657          0.00198822
                 911             -5.0445             -5.0166          0.00198628
                 912            -4.99801            -5.01658          0.00198421
                 913            -4.97395            -5.01653          0.00198258
                 914            -5.04286            -5.01656          0.00198062
                 915            -5.00475            -5.01655           0.0019785
                 916            -5.08158            -5.01662          0.00197761
                 917            -5.02709            -5.01663          0.00197549
                 918            -5.10117            -5.01672          0.00197548
                 919            -5.03341            -5.01674          0.00197342
                 920            -5.02514            -5.01675          0.00197129
                 921            -5.10772            -5.01685          0.00197162
                 922            -5.07969            -5.01692          0.00197066
                 923            -5.11955            -5.01703          0.00197166
                 924             -5.0741            -5.01709           0.0019705
                 925            -5.10041            -5.01718          0.00197043
                 926            -4.96613            -5.01712          0.00196907
                 927            -5.06436            -5.01717           0.0019676
                 928            -4.98463            -5.01714           0.0019658
                 929            -5.06288            -5.01719           0.0019643
                 930            -5.05133            -5.01723          0.00196253
                 931            -5.04921            -5.01726          0.00196072
                 932            -5.02434            -5.01727          0.00195863
                 933            -5.01364            -5.01726          0.00195654
                 934            -5.07002            -5.01732          0.00195526
                 935            -5.06932            -5.01738          0.00195396
                 936            -5.03588             -5.0174          0.00195197
                 937            -5.01697            -5.01739          0.00194988
                 938            -5.00202            -5.01738          0.00194787
                 939             -5.0136            -5.01737           0.0019458
                 940             -5.0875            -5.01745          0.00194516
                 941            -5.06265             -5.0175          0.00194369
                 942            -4.99768            -5.01748          0.00194174
                 943            -4.94533             -5.0174          0.00194119
                 944            -5.03118            -5.01741          0.00193919
                 945            -5.02231            -5.01742          0.00193714
                 946            -5.08686            -5.01749          0.00193648
                 947            -5.00914            -5.01748          0.00193446
                 948            -5.04266            -5.01751           0.0019326
                 949            -4.99381            -5.01749          0.00193073
                 950            -5.05822            -5.01753          0.00192917
                 951            -4.96045            -5.01747          0.00192807
                 952            -5.03478            -5.01749          0.00192613
                 953            -4.94209            -5.01741          0.00192574
                 954            -4.92516            -5.01731          0.00192614
                 955            -4.85361            -5.01714          0.00193174
                 956            -4.95704            -5.01708          0.00193074
                 957            -4.98892            -5.01705          0.00192895
                 958             -5.0569            -5.01709          0.00192738
                 959            -5.05781            -5.01713          0.00192584
                 960            -5.11167            -5.01723          0.00192635
                 961            -4.95953            -5.01717          0.00192528
                 962            -4.96603            -5.01712          0.00192402
                 963             -4.9592            -5.01706          0.00192296
                 964            -5.00879            -5.01705          0.00192098
                 965            -5.07674            -5.01711          0.00191999
                 966            -5.02264            -5.01712          0.00191801
                 967            -5.04874            -5.01715           0.0019163
                 968            -4.91778            -5.01705          0.00191707
                 969            -4.92577            -5.01695           0.0019174
                 970            -5.11533            -5.01705          0.00191811
                 971            -5.00619            -5.01704          0.00191617
                 972            -5.00391            -5.01703          0.00191424
                 973            -4.98742              -5.017          0.00191252
                 974              -4.947            -5.01693           0.0019119
                 975            -5.00092            -5.01691          0.00191001
                 976            -5.05031            -5.01694          0.00190836
                 977            -5.05022            -5.01698          0.00190671
                 978            -4.99792            -5.01696          0.00190486
                 979            -4.94623            -5.01689          0.00190429
                 980            -5.03486             -5.0169          0.00190243
                 981            -5.01408             -5.0169          0.00190049
                 982            -5.08325            -5.01697          0.00189976
                 983            -5.02059            -5.01697          0.00189783
                 984            -5.01921            -5.01697           0.0018959
                 985            -4.99717            -5.01695          0.00189409
                 986            -5.06528              -5.017           0.0018928
                 987            -5.02792            -5.01701          0.00189091
                 988            -4.96615            -5.01696           0.0018897
                 989            -5.03965            -5.01699          0.00188793
                 990            -5.04138            -5.01701          0.00188618
                 991            -4.99416            -5.01699          0.00188442
                 992            -5.07397            -5.01705           0.0018834
                 993            -5.02892            -5.01706          0.00188154
                 994            -5.06469             -5.0171          0.00188025
                 995            -4.89007            -5.01698          0.00188269
                 996            -5.08057            -5.01704          0.00188189
                 997            -5.01587            -5.01704             0.00188
                 998            -4.88994            -5.01691          0.00188242
                 999            -5.05409            -5.01695          0.00188091
                1000            -5.16562             -5.0171          0.00188489
