                   1             1.60557             1.60557                   0
                   2             1.08952             1.34754            0.182453
                   3             1.09316             1.26275            0.139959
                   4             1.10456              1.2232            0.110416
                   5             1.05064             1.18869           0.0935712
                   6             1.09727             1.17345           0.0792068
                   7             1.08642             1.16102           0.0688604
                   8             1.06952             1.14958           0.0611954
                   9             1.08691             1.14262           0.0547907
                  10             1.09759             1.13811           0.0494963
                  11             1.14525             1.13876           0.0450009
                  12             1.12856             1.13791           0.0412589
                  13              1.1565             1.13934           0.0381099
                  14              1.1263             1.13841           0.0353991
                  15               1.092             1.13532           0.0331741
                  16             1.14384             1.13585            0.031105
                  17             1.05779             1.13126           0.0296123
                  18              1.0566             1.12711           0.0282562
                  19             1.15965             1.12882           0.0268208
                  20             1.09934             1.12735           0.0255203
                  21              1.1155             1.12678           0.0243113
                  22             1.04484             1.12306           0.0234898
                  23             1.12822             1.12328           0.0224696
                  24             1.06868             1.12101           0.0216482
                  25             1.11647             1.12083            0.020783
                  26             1.12506             1.12099           0.0199843
                  27             1.10078             1.12024           0.0192582
                  28             1.06425             1.11824           0.0186739
                  29             1.14265             1.11908           0.0180489
                  30             1.08769             1.11804           0.0174776
                  31             1.15232             1.11914           0.0169488
                  32             1.09857              1.1185           0.0164313
                  33             1.08607             1.11752           0.0159627
                  34             1.13993             1.11818           0.0155069
                  35             1.11464             1.11808           0.0150641
                  36             1.13765             1.11862           0.0146555
                  37             1.13617             1.11909           0.0142671
                  38             1.08343             1.11816           0.0139225
                  39             1.10782             1.11789            0.013568
                  40             1.07829              1.1169           0.0132649
                  41             1.09541             1.11638           0.0129517
                  42             1.08804              1.1157           0.0126609
                  43             1.06667             1.11456           0.0124177
                  44             1.07314             1.11362           0.0121711
                  45             1.07376             1.11273           0.0119328
                  46             1.09872             1.11243           0.0116773
                  47             1.00785              1.1102           0.0116389
                  48             1.12268             1.11046           0.0113993
                  49             1.10434             1.11034           0.0111674
                  50             1.09659             1.11006           0.0109474
                  51             1.10303             1.10993           0.0107336
                  52             1.08466             1.10944           0.0105382
                  53             1.11208             1.10949           0.0103395
                  54             1.12396             1.10976           0.0101515
                  55             1.11094             1.10978          0.00996692
                  56             1.07687             1.10919          0.00980625
                  57             1.11818             1.10935          0.00963548
                  58             1.11941             1.10952          0.00947091
                  59             1.08302             1.10907          0.00932103
                  60             1.14682              1.1097          0.00918689
                  61             1.14885             1.11034          0.00905867
                  62             1.18342             1.11152          0.00898892
                  63             1.11008              1.1115          0.00884627
                  64             1.05621             1.11064          0.00875012
                  65             1.11649             1.11073          0.00861597
                  66             1.15547              1.1114          0.00851205
                  67             1.14211             1.11186          0.00839734
                  68             1.14433             1.11234          0.00828741
                  69             1.05986             1.11158          0.00820213
                  70             1.16234              1.1123          0.00811696
                  71             1.08761             1.11196          0.00801008
                  72             1.14866             1.11247          0.00791503
                  73              1.0845             1.11208          0.00781588
                  74             1.07072             1.11152          0.00773022
                  75             1.10736             1.11147          0.00762735
                  76              1.1065              1.1114          0.00752727
                  77              1.1453             1.11184          0.00744237
                  78             1.16803             1.11256          0.00738173
                  79             1.18756             1.11351          0.00734909
                  80             1.15448             1.11403          0.00727504
                  81             1.14587             1.11442          0.00719584
                  82             1.14629             1.11481          0.00711858
                  83             1.08229             1.11442          0.00704358
                  84             1.09374             1.11417          0.00696403
                  85             1.01346             1.11298          0.00698217
                  86            0.999321             1.11166          0.00702496
                  87             1.16929             1.11233          0.00697537
                  88             1.10914             1.11229           0.0068962
                  89              1.1169             1.11234           0.0068189
                  90             1.07843             1.11196          0.00675354
                  91             1.09314             1.11176          0.00668249
                  92             1.22015             1.11294          0.00671291
                  93             1.12769             1.11309          0.00664261
                  94             1.12724             1.11324          0.00657364
                  95             1.10383             1.11315           0.0065052
                  96             1.06699             1.11267          0.00645517
                  97             1.13424             1.11289          0.00639246
                  98             1.09797             1.11274          0.00632904
                  99             1.10637             1.11267          0.00626544
                 100             1.08565              1.1124          0.00620861
                 101             1.08798             1.11216          0.00615184
                 102             1.11003             1.11214          0.00609156
                 103             1.09391             1.11196          0.00603499
                 104             1.09173             1.11177           0.0059801
                 105             1.07765             1.11144          0.00593196
                 106             1.06511               1.111          0.00589209
                 107             1.11383             1.11103          0.00583708
                 108             1.07513              1.1107          0.00579249
                 109             1.04557              1.1101          0.00577008
                 110             1.13613             1.11034          0.00572248
                 111             1.12293             1.11045          0.00567205
                 112             1.07332             1.11012          0.00563109
                 113             1.13035              1.1103           0.0055841
                 114             1.06775             1.10993          0.00554757
                 115             1.05679             1.10946          0.00551854
                 116             1.11011             1.10947          0.00547097
                 117             1.10531             1.10943          0.00542432
                 118             1.06116             1.10902          0.00539376
                 119             1.05119             1.10854          0.00537028
                 120              1.0833             1.10833          0.00532965
                 121             1.05949             1.10792          0.00530087
                 122             1.09886             1.10785          0.00525794
                 123             1.13238             1.10805          0.00521897
                 124             1.13956              1.1083          0.00518306
                 125             1.12008              1.1084          0.00514245
                 126             1.09064             1.10826          0.00510357
                 127             1.10906             1.10826          0.00506339
                 128             1.07495               1.108          0.00503052
                 129             1.10015             1.10794          0.00499189
                 130             1.04038             1.10742          0.00498047
                 131             1.06406             1.10709          0.00495343
                 132              1.1232             1.10721          0.00491741
                 133             1.11329             1.10726          0.00488065
                 134             1.11936             1.10735          0.00484506
                 135             1.14564             1.10763          0.00481747
                 136             1.13604             1.10784          0.00478657
                 137             1.09055             1.10772           0.0047533
                 138             1.12063             1.10781          0.00471977
                 139             1.11008             1.10783          0.00468584
                 140             1.05795             1.10747          0.00466589
                 141             1.16534             1.10788          0.00465082
                 142              1.0716             1.10762          0.00462508
                 143             1.08573             1.10747          0.00459527
                 144             1.06058             1.10715          0.00457488
                 145             1.07308             1.10691          0.00454936
                 146              1.0941             1.10682          0.00451904
                 147             1.07273             1.10659          0.00449425
                 148             1.07852              1.1064          0.00446789
                 149             1.02758             1.10587          0.00446911
                 150             1.14392             1.10613          0.00444651
                 151             1.13116             1.10629          0.00442015
                 152             1.07046             1.10606          0.00439735
                 153             1.04412             1.10565           0.0043872
                 154             1.09179             1.10556          0.00435964
                 155             1.06318             1.10529          0.00434008
                 156             1.11204             1.10533          0.00431247
                 157             1.09329             1.10525          0.00428568
                 158             1.07618             1.10507          0.00426251
                 159             1.10209             1.10505          0.00423574
                 160             1.10247             1.10504           0.0042093
                 161             1.07234             1.10483          0.00418805
                 162             1.04715             1.10448          0.00417731
                 163             1.10191             1.10446          0.00415171
                 164             1.10894             1.10449          0.00412649
                 165             1.13263             1.10466            0.004105
                 166             1.05893             1.10438           0.0040895
                 167             1.02926             1.10393          0.00408968
                 168             1.07187             1.10374          0.00406979
                 169             1.09897             1.10371           0.0040458
                 170             1.17907             1.10416          0.00404622
                 171             1.10106             1.10414          0.00402259
                 172             1.06525             1.10391          0.00400556
                 173             1.08161             1.10378          0.00398448
                 174             1.12246             1.10389          0.00396302
                 175             1.09708             1.10385          0.00394057
                 176             1.16619             1.10421          0.00393406
                 177             1.03864             1.10384          0.00392924
                 178             1.09656              1.1038          0.00390738
                 179             1.09488             1.10375          0.00388586
                 180             1.12238             1.10385          0.00386565
                 181             1.13319             1.10401           0.0038477
                 182             1.10779             1.10403          0.00382661
                 183             1.09223             1.10397          0.00380624
                 184              1.0689             1.10378          0.00379033
                 185             1.07307             1.10361          0.00377347
                 186             1.16189             1.10392          0.00376617
                 187              1.0881             1.10384          0.00374698
                 188             1.07377             1.10368          0.00373046
                 189             1.13294             1.10383          0.00371393
                 190              1.1044             1.10384          0.00369439
                 191             1.07702              1.1037          0.00367771
                 192              1.0818             1.10358          0.00366032
                 193             1.07557             1.10344          0.00364424
                 194             1.04559             1.10314          0.00363763
                 195             1.05617              1.1029          0.00362694
                 196             1.08655             1.10282           0.0036094
                 197             1.10611             1.10283          0.00359111
                 198             1.16607             1.10315          0.00358715
                 199             1.09997             1.10314          0.00356916
                 200             1.04727             1.10286          0.00356223
                 201              1.0847             1.10277          0.00354565
                 202             1.10424             1.10277          0.00352811
                 203             1.14474             1.10298          0.00351678
                 204             1.15214             1.10322          0.00350779
                 205             1.11987              1.1033          0.00349162
                 206             1.14482              1.1035          0.00348048
                 207             1.09338             1.10345          0.00346401
                 208             1.03994             1.10315          0.00346079
                 209             1.06067             1.10295          0.00345019
                 210             1.08658             1.10287          0.00343464
                 211             1.08583             1.10279          0.00341931
                 212             1.09121             1.10273          0.00340362
                 213             1.08389             1.10264          0.00338879
                 214             1.13389             1.10279           0.0033761
                 215             1.14621             1.10299          0.00336643
                 216             1.04809             1.10274          0.00336042
                 217             1.10278             1.10274          0.00334494
                 218             1.13217             1.10287          0.00333232
                 219             1.09254             1.10283          0.00331744
                 220             1.06728             1.10266          0.00330629
                 221             1.03552             1.10236          0.00330526
                 222             1.08042             1.10226          0.00329185
                 223             1.12873             1.10238          0.00327922
                 224             1.10117             1.10238          0.00326459
                 225             1.12185             1.10246          0.00325123
                 226              1.0942             1.10243          0.00323705
                 227             1.11664             1.10249          0.00322339
                 228             1.14648             1.10268          0.00321502
                 229             1.06713             1.10253          0.00320473
                 230             1.04545             1.10228          0.00320039
                 231             1.11121             1.10232          0.00318677
                 232             1.12853             1.10243          0.00317503
                 233             1.11245             1.10247           0.0031617
                 234             1.03312             1.10218          0.00316205
                 235             1.08669             1.10211          0.00314928
                 236             1.09051             1.10206          0.00313632
                 237             1.15223             1.10227          0.00313022
                 238             1.16108             1.10252           0.0031268
                 239             1.17164             1.10281          0.00312707
                 240             1.20103             1.10322           0.0031407
                 241             1.12933             1.10333          0.00312954
                 242             1.13029             1.10344          0.00311859
                 243             1.07512             1.10332          0.00310794
                 244             1.12024             1.10339          0.00309597
                 245             1.09017             1.10334           0.0030838
                 246             1.08299             1.10325          0.00307238
                 247             1.06807             1.10311          0.00306324
                 248             1.12103             1.10318          0.00305174
                 249             1.11625             1.10324          0.00303994
                 250             1.12272             1.10331          0.00302878
                 251             1.08659             1.10325          0.00301744
                 252             1.12656             1.10334          0.00300689
                 253             1.13881             1.10348          0.00299827
                 254             1.13973             1.10362          0.00298986
                 255             1.10673             1.10363          0.00297816
                 256             1.09391              1.1036          0.00296677
                 257             1.09974             1.10358          0.00295526
                 258             1.16887             1.10383          0.00295462
                 259              1.2004             1.10421          0.00296665
                 260             1.14051             1.10435          0.00295852
                 261             1.13802             1.10448             0.00295
                 262              1.1176             1.10453          0.00293916
                 263             1.13018             1.10462           0.0029296
                 264             1.08374             1.10454          0.00291957
                 265             1.09096             1.10449          0.00290901
                 266             1.08604             1.10442           0.0028989
                 267             1.08361             1.10435          0.00288909
                 268             1.04217             1.10411          0.00288761
                 269             1.05127             1.10392          0.00288355
                 270             1.09059             1.10387          0.00287329
                 271             1.05594             1.10369          0.00286813
                 272             1.11878             1.10375          0.00285812
                 273             1.08908             1.10369          0.00284815
                 274              1.1011             1.10368          0.00283777
                 275             1.06544             1.10354          0.00283086
                 276             1.14284             1.10369          0.00282418
                 277             1.04796             1.10349          0.00282114
                 278             1.08072              1.1034          0.00281218
                 279             1.10455             1.10341          0.00280211
                 280             1.06489             1.10327          0.00279547
                 281             1.03632             1.10303          0.00279566
                 282             1.05374             1.10286          0.00279121
                 283             1.05554             1.10269          0.00278634
                 284             1.04749              1.1025           0.0027833
                 285             1.10805             1.10252          0.00277361
                 286             1.10507             1.10252          0.00276392
                 287             1.05359             1.10235          0.00275955
                 288             1.13373             1.10246          0.00275212
                 289             1.09685             1.10244          0.00274266
                 290             1.06893             1.10233          0.00273564
                 291             1.06714             1.10221          0.00272891
                 292             1.08428             1.10215          0.00272025
                 293             1.06387             1.10202           0.0027141
                 294             1.07299             1.10192          0.00270667
                 295             1.07527             1.10183            0.002699
                 296             1.10522             1.10184           0.0026899
                 297             1.08198             1.10177          0.00268168
                 298             1.09401             1.10174          0.00267281
                 299             1.09363             1.10172            0.002664
                 300             1.11232             1.10175          0.00265536
                 301             1.03142             1.10152           0.0026568
                 302             1.05221             1.10136          0.00265301
                 303             1.14502              1.1015          0.00264817
                 304             1.11217             1.10154          0.00263969
                 305             1.15892             1.10172          0.00263773
                 306             1.18397             1.10199          0.00264277
                 307             1.04351              1.1018          0.00264102
                 308             1.20392             1.10213          0.00265318
                 309             1.09667             1.10212          0.00264465
                 310             1.14543             1.10226          0.00263981
                 311             1.08713             1.10221          0.00263177
                 312             1.16877             1.10242          0.00263196
                 313             1.15308             1.10258          0.00262853
                 314             1.13149             1.10267          0.00262177
                 315              1.1367             1.10278          0.00261567
                 316              1.0947             1.10276          0.00260752
                 317             1.10104             1.10275           0.0025993
                 318             1.10654             1.10276          0.00259115
                 319             1.07474             1.10267          0.00258452
                 320             1.15849             1.10285          0.00258232
                 321             1.12882             1.10293          0.00257554
                 322              1.1401             1.10305          0.00257013
                 323              1.0959             1.10302          0.00256227
                 324             1.11854             1.10307           0.0025548
                 325             1.16788             1.10327          0.00255471
                 326             1.21782             1.10362          0.00257093
                 327              1.0945             1.10359          0.00256322
                 328             1.12296             1.10365          0.00255608
                 329             1.11786              1.1037          0.00254868
                 330             1.14009             1.10381          0.00254334
                 331             1.12448             1.10387          0.00253642
                 332             1.11947             1.10392          0.00252922
                 333             1.08053             1.10385           0.0025226
                 334             1.19225             1.10411          0.00252889
                 335             1.09531             1.10408          0.00252148
                 336             1.08238             1.10402           0.0025148
                 337             1.07027             1.10392          0.00250933
                 338             1.10745             1.10393          0.00250193
                 339             1.08131             1.10386          0.00249544
                 340             1.14289             1.10398          0.00249074
                 341             1.12153             1.10403          0.00248397
                 342             1.06708             1.10392          0.00247905
                 343             1.15207             1.10406           0.0024758
                 344             1.09346             1.10403          0.00246879
                 345             1.13435             1.10412           0.0024632
                 346             1.04929             1.10396          0.00246117
                 347             1.10934             1.10398          0.00245413
                 348             1.05285             1.10383          0.00245147
                 349             1.10645             1.10384          0.00244446
                 350             1.05826             1.10371          0.00244094
                 351             1.10387             1.10371          0.00243398
                 352             1.11131             1.10373          0.00242717
                 353             1.12767              1.1038          0.00242124
                 354             1.09498             1.10377          0.00241453
                 355             1.12831             1.10384          0.00240871
                 356             1.14556             1.10396           0.0024048
                 357             1.11768               1.104          0.00239837
                 358             1.12825             1.10406          0.00239263
                 359             1.09258             1.10403          0.00238617
                 360             1.06338             1.10392          0.00238222
                 361             1.13458               1.104          0.00237713
                 362             1.11419             1.10403          0.00237073
                 363             1.14561             1.10415          0.00236696
                 364             1.10249             1.10414          0.00236047
                 365              1.0813             1.10408          0.00235483
                 366             1.13969             1.10418           0.0023504
                 367             1.12099             1.10422          0.00234445
                 368              1.0332             1.10403          0.00234601
                 369             1.11227             1.10405          0.00233975
                 370             1.05469             1.10392          0.00233723
                 371             1.14463             1.10403          0.00233351
                 372             1.06789             1.10393          0.00232925
                 373             1.14427             1.10404          0.00232552
                 374             1.11089             1.10406          0.00231937
                 375             1.10899             1.10407          0.00231323
                 376             1.17189             1.10425           0.0023141
                 377             1.07782             1.10418          0.00230902
                 378             1.10141             1.10417          0.00230292
                 379             1.12794             1.10424           0.0022977
                 380             1.06671             1.10414          0.00229377
                 381             1.07912             1.10407          0.00228869
                 382             1.14325             1.10417            0.002285
                 383             1.06001             1.10406          0.00228194
                 384             1.13768             1.10415          0.00227768
                 385             1.11768             1.10418          0.00227203
                 386             1.12928             1.10425          0.00226708
                 387             1.09477             1.10422          0.00226135
                 388             1.09976             1.10421          0.00225555
                 389             1.07938             1.10415          0.00225066
                 390             1.07069             1.10406          0.00224652
                 391             1.06116             1.10395          0.00224345
                 392             1.06426             1.10385          0.00224001
                 393             1.14278             1.10395           0.0022365
                 394             1.11344             1.10397          0.00223096
                 395              1.1537              1.1041          0.00222886
                 396             1.10606              1.1041          0.00222324
                 397             1.10793             1.10411          0.00221766
                 398              1.0323             1.10393          0.00221941
                 399             1.07991             1.10387          0.00221467
                 400             1.14908             1.10399          0.00221201
                 401             1.12813             1.10405          0.00220732
                 402               1.087               1.104          0.00220223
                 403             1.11405             1.10403          0.00219691
                 404             1.05412             1.10391          0.00219494
                 405             1.03038             1.10372          0.00219702
                 406             1.04933             1.10359          0.00219569
                 407             1.08945             1.10356          0.00219057
                 408             1.09099             1.10352          0.00218541
                 409             1.07616             1.10346           0.0021811
                 410             1.09401             1.10343           0.0021759
                 411             1.06125             1.10333          0.00217302
                 412             1.13657             1.10341          0.00216925
                 413             1.12666             1.10347          0.00216472
                 414             1.08197             1.10342          0.00216012
                 415             1.07383             1.10335          0.00215609
                 416             1.08742             1.10331          0.00215125
                 417             1.14621             1.10341          0.00214854
                 418             1.10445             1.10341          0.00214341
                 419              1.0527             1.10329          0.00214171
                 420             1.10892              1.1033          0.00213665
                 421             1.13745             1.10339          0.00213311
                 422             1.16303             1.10353          0.00213273
                 423             1.14198             1.10362          0.00212963
                 424             1.20098             1.10385          0.00213695
                 425             1.18172             1.10403          0.00213976
                 426              1.1302             1.10409          0.00213562
                 427             1.10028             1.10408          0.00213064
                 428             1.13903             1.10417          0.00212722
                 429              1.1323             1.10423          0.00212328
                 430             1.08529             1.10419           0.0021188
                 431             1.10687             1.10419          0.00211389
                 432             1.05731             1.10408          0.00211178
                 433             1.06415             1.10399          0.00210892
                 434             1.06311              1.1039          0.00210616
                 435             1.04251             1.10376          0.00210604
                 436             1.10841             1.10377          0.00210124
                 437             1.16827             1.10392          0.00210161
                 438             1.09134             1.10389            0.002097
                 439             1.13266             1.10395          0.00209325
                 440              1.0947             1.10393           0.0020886
                 441              1.0678             1.10385          0.00208547
                 442             1.09425             1.10383          0.00208086
                 443             1.09368              1.1038          0.00207629
                 444             1.10585             1.10381          0.00207162
                 445              1.0519             1.10369          0.00207025
                 446             1.08426             1.10365          0.00206606
                 447             1.10163             1.10364          0.00206145
                 448             1.11678             1.10367          0.00205705
                 449              1.0828             1.10363            0.002053
                 450             1.14774             1.10373          0.00205078
                 451             1.09608             1.10371           0.0020463
                 452             1.06999             1.10363          0.00204313
                 453             1.07913             1.10358          0.00203934
                 454             1.09439             1.10356          0.00203494
                 455             1.11351             1.10358          0.00203059
                 456             1.17312             1.10373          0.00203185
                 457             1.15212             1.10384          0.00203017
                 458              1.0927             1.10382          0.00202588
                 459             1.06611             1.10373          0.00202313
                 460             1.13287              1.1038          0.00201972
                 461              1.1221             1.10384          0.00201573
                 462             1.03055             1.10368           0.0020176
                 463             1.14174             1.10376          0.00201492
                 464             1.07987             1.10371          0.00201123
                 465             1.08747             1.10367          0.00200721
                 466             1.08047             1.10362          0.00200352
                 467             1.12281             1.10366          0.00199965
                 468              1.1055             1.10367          0.00199538
                 469             1.09632             1.10365          0.00199119
                 470             1.08314             1.10361          0.00198743
                 471             1.10797             1.10362          0.00198323
                 472             1.09394              1.1036          0.00197914
                 473             1.07079             1.10353          0.00197617
                 474             1.12014             1.10356          0.00197231
                 475             1.09266             1.10354          0.00196829
                 476             1.04697             1.10342          0.00196774
                 477             1.07638             1.10337          0.00196443
                 478             1.08252             1.10332          0.00196081
                 479             1.10904             1.10333          0.00195675
                 480              1.1039             1.10333          0.00195267
                 481             1.11719             1.10336          0.00194883
                 482             1.09981             1.10336           0.0019448
                 483             1.14694             1.10345          0.00194286
                 484             1.10455             1.10345          0.00193885
                 485             1.12767              1.1035          0.00193549
                 486             1.05753              1.1034          0.00193382
                 487             1.09878             1.10339          0.00192987
                 488             1.06073             1.10331           0.0019279
                 489             1.06472             1.10323          0.00192557
                 490             1.12771             1.10328          0.00192229
                 491             1.08839             1.10325          0.00191861
                 492             1.13947             1.10332          0.00191612
                 493              1.0661             1.10325          0.00191372
                 494             1.09574             1.10323          0.00190991
                 495             1.12495             1.10327          0.00190656
                 496             1.07084             1.10321          0.00190383
                 497              1.0973              1.1032          0.00190004
                 498             1.13876             1.10327          0.00189757
                 499             1.17126             1.10341          0.00189865
                 500             1.09833             1.10339          0.00189488
                 501             1.05681              1.1033          0.00189338
                 502             1.12671             1.10335          0.00189018
                 503             1.10593             1.10335          0.00188643
                 504             1.11018             1.10337          0.00188273
                 505             1.16772             1.10349          0.00188331
                 506             1.08739             1.10346          0.00187986
                 507             1.09852             1.10345          0.00187618
                 508             1.10178             1.10345          0.00187249
                 509             1.11246             1.10347          0.00186889
                 510             1.09651             1.10345          0.00186528
                 511             1.02529              1.1033          0.00186789
                 512             1.14171             1.10338          0.00186575
                 513             1.14166             1.10345           0.0018636
                 514             1.08514             1.10341          0.00186032
                 515              1.1371             1.10348          0.00185785
                 516             1.08902             1.10345          0.00185446
                 517             1.00252             1.10326          0.00186113
                 518             1.12734              1.1033          0.00185811
                 519             1.11113             1.10332          0.00185459
                 520             1.04284              1.1032          0.00185467
                 521             1.13231             1.10326          0.00185195
                 522             1.14425             1.10334          0.00185007
                 523             1.06763             1.10327          0.00184779
                 524             1.06014             1.10319           0.0018461
                 525             1.15635             1.10329          0.00184535
                 526             1.14338             1.10336          0.00184342
                 527             1.13232             1.10342          0.00184074
                 528              1.1512             1.10351          0.00183948
                 529             1.08844             1.10348          0.00183622
                 530             1.09725             1.10347          0.00183279
                 531             1.07897             1.10342          0.00182992
                 532             1.12631             1.10347          0.00182699
                 533             1.09603             1.10345          0.00182361
                 534             1.09027             1.10343          0.00182037
                 535             1.03759              1.1033          0.00182112
                 536             1.10573             1.10331          0.00181773
                 537             1.12996             1.10336          0.00181502
                 538             1.07613             1.10331          0.00181235
                 539             1.03143             1.10317          0.00181389
                 540             1.10062             1.10317          0.00181053
                 541             1.10077             1.10317          0.00180719
                 542             1.03103             1.10303          0.00180875
                 543              1.0659             1.10296          0.00180671
                 544             1.07844             1.10292          0.00180396
                 545              1.1074             1.10293          0.00180066
                 546             1.07625             1.10288          0.00179803
                 547             1.12912             1.10293          0.00179538
                 548             1.11871             1.10295          0.00179234
                 549             1.02517             1.10281          0.00179466
                 550             1.11234             1.10283          0.00179148
                 551             1.09754             1.10282          0.00178826
                 552             1.10875             1.10283          0.00178505
                 553             1.08934             1.10281          0.00178199
                 554             1.09266             1.10279          0.00177887
                 555             1.11267             1.10281          0.00177575
                 556             1.05657             1.10272           0.0017745
                 557             1.13426             1.10278          0.00177222
                 558             1.07013             1.10272          0.00177001
                 559             1.07898             1.10268          0.00176735
                 560             1.10094             1.10268           0.0017642
                 561             1.13829             1.10274           0.0017622
                 562             1.14856             1.10282          0.00176095
                 563             1.07673             1.10277          0.00175843
                 564             1.06592             1.10271          0.00175652
                 565             1.13463             1.10277          0.00175432
                 566             1.13628             1.10282          0.00175222
                 567              1.0531             1.10274          0.00175133
                 568             1.05429             1.10265          0.00175032
                 569             1.12957              1.1027          0.00174788
                 570             1.11687             1.10272          0.00174499
                 571             1.09548             1.10271          0.00174198
                 572             1.06634             1.10265           0.0017401
                 573             1.12174             1.10268          0.00173738
                 574             1.10423             1.10268          0.00173436
                 575             1.06722             1.10262          0.00173244
                 576             1.04774             1.10253          0.00173205
                 577             1.11997             1.10256          0.00172931
                 578             1.10705             1.10256          0.00172633
                 579             1.07464             1.10252          0.00172403
                 580             1.08292             1.10248          0.00172138
                 581             1.08853             1.10246          0.00171859
                 582             1.08373             1.10243          0.00171594
                 583             1.05644             1.10235          0.00171481
                 584             1.01425              1.1022          0.00171849
                 585             1.13234             1.10225          0.00171633
                 586             1.11496             1.10227          0.00171353
                 587             1.15616             1.10236          0.00171307
                 588             1.06621              1.1023          0.00171126
                 589             1.14265             1.10237          0.00170973
                 590             1.16922             1.10248          0.00171058
                 591             1.06968             1.10243          0.00170859
                 592             1.11891             1.10245          0.00170593
                 593             1.04138             1.10235          0.00170616
                 594             1.05502             1.10227          0.00170514
                 595             1.04981             1.10218          0.00170456
                 596              1.0863             1.10216           0.0017019
                 597              1.0926             1.10214          0.00169913
                 598             1.11749             1.10217          0.00169648
                 599             1.03603             1.10206          0.00169724
                 600             1.08204             1.10202          0.00169474
                 601             1.12397             1.10206          0.00169231
                 602             1.03166             1.10194          0.00169353
                 603             1.02802             1.10182          0.00169516
                 604             1.03217              1.1017          0.00169627
                 605              1.1257             1.10174          0.00169393
                 606             1.11654             1.10177          0.00169131
                 607             1.09094             1.10175          0.00168862
                 608             1.07687             1.10171          0.00168634
                 609             1.09049             1.10169          0.00168367
                 610             1.08993             1.10167          0.00168102
                 611             1.07841             1.10163           0.0016787
                 612             1.15089             1.10171          0.00167788
                 613             1.07266             1.10167          0.00167581
                 614              1.1339             1.10172          0.00167391
                 615             1.07735             1.10168          0.00167165
                 616             1.08902             1.10166          0.00166907
                 617             1.17102             1.10177          0.00167014
                 618              1.1517             1.10185          0.00166939
                 619             1.08609             1.10183          0.00166689
                 620             1.07681             1.10179          0.00166469
                 621             1.06138             1.10172          0.00166328
                 622             1.09155             1.10171          0.00166069
                 623             1.09396             1.10169          0.00165807
                 624             1.19481             1.10184          0.00166211
                 625              1.0761              1.1018          0.00165996
                 626             1.09036             1.10178          0.00165741
                 627             1.09977             1.10178          0.00165477
                 628             1.10962             1.10179          0.00165219
                 629             1.17693             1.10191          0.00165387
                 630             1.06751             1.10186          0.00165215
                 631             1.12643              1.1019          0.00164999
                 632             1.09648             1.10189           0.0016474
                 633             1.09356             1.10187          0.00164485
                 634             1.16112             1.10197          0.00164491
                 635             1.05511             1.10189          0.00164397
                 636             1.11674             1.10192          0.00164155
                 637             1.08908              1.1019           0.0016391
                 638             1.09612             1.10189          0.00163655
                 639             1.08789             1.10187          0.00163414
                 640             1.08412             1.10184          0.00163182
                 641             1.04712             1.10175          0.00163151
                 642             1.06001             1.10169          0.00163026
                 643             1.06392             1.10163          0.00162878
                 644             1.14135             1.10169          0.00162742
                 645             1.11635             1.10171          0.00162506
                 646             1.14017             1.10177          0.00162363
                 647             1.05884             1.10171          0.00162248
                 648             1.07719             1.10167          0.00162041
                 649             1.08892             1.10165          0.00161804
                 650              1.1035             1.10165          0.00161555
                 651             1.11917             1.10168          0.00161329
                 652              1.1116             1.10169          0.00161089
                 653             1.14148             1.10176          0.00160957
                 654             1.06296              1.1017          0.00160821
                 655              1.0926             1.10168          0.00160581
                 656             1.13537             1.10173          0.00160418
                 657             1.04518             1.10165          0.00160405
                 658             1.14549             1.10171            0.001603
                 659             1.08794             1.10169           0.0016007
                 660             1.14103             1.10175          0.00159938
                 661             1.19134             1.10189           0.0016027
                 662             1.14847             1.10196          0.00160182
                 663             1.06851             1.10191           0.0016002
                 664             1.14461             1.10197          0.00159908
                 665             1.13821             1.10203           0.0015976
                 666             1.13966             1.10208           0.0015962
                 667             1.02045             1.10196           0.0015985
                 668              1.0682             1.10191           0.0015969
                 669             1.12017             1.10194          0.00159475
                 670             1.05873             1.10187          0.00159367
                 671             1.09387             1.10186          0.00159134
                 672             1.09927             1.10186          0.00158898
                 673             1.11461             1.10188          0.00158673
                 674             1.14222             1.10194           0.0015855
                 675             1.10726             1.10194          0.00158317
                 676             1.12785             1.10198           0.0015813
                 677             1.13436             1.10203          0.00157968
                 678             1.05201             1.10196          0.00157907
                 679             1.14946             1.10203           0.0015783
                 680             1.09499             1.10202          0.00157601
                 681             1.05855             1.10195          0.00157499
                 682              1.1703             1.10205          0.00157586
                 683             1.14169             1.10211          0.00157463
                 684             1.11967             1.10214          0.00157253
                 685             1.08418             1.10211          0.00157046
                 686             1.11354             1.10213          0.00156825
                 687             1.10224             1.10213          0.00156597
                 688              1.1211             1.10215          0.00156394
                 689             1.13034              1.1022           0.0015622
                 690             1.09808             1.10219          0.00155995
                 691             1.09925             1.10219           0.0015577
                 692             1.10468             1.10219          0.00155545
                 693             1.13164             1.10223          0.00155379
                 694             1.07059             1.10219          0.00155222
                 695              1.0596             1.10212          0.00155119
                 696              1.1138             1.10214          0.00154906
                 697             1.05877             1.10208          0.00154808
                 698             1.03122             1.10198          0.00154919
                 699             1.11946               1.102          0.00154717
                 700             1.06874             1.10196          0.00154569
                 701             1.11118             1.10197          0.00154355
                 702             1.14013             1.10202           0.0015423
                 703             1.11121             1.10204          0.00154017
                 704             1.12385             1.10207          0.00153829
                 705             1.16133             1.10215           0.0015384
                 706             1.12007             1.10218          0.00153643
                 707             1.10436             1.10218          0.00153426
                 708              1.1363             1.10223          0.00153285
                 709             1.08794             1.10221          0.00153082
                 710             1.03226             1.10211          0.00153183
                 711             1.10146             1.10211          0.00152968
                 712             1.14197             1.10216          0.00152855
                 713             1.11133             1.10218          0.00152646
                 714             1.08054             1.10215          0.00152463
                 715             1.16882             1.10224          0.00152534
                 716             1.06306             1.10218          0.00152419
                 717             1.06778             1.10214          0.00152282
                 718             1.03235             1.10204           0.0015238
                 719             1.09893             1.10204          0.00152169
                 720             1.06558             1.10198          0.00152042
                 721             1.09577             1.10198          0.00151833
                 722             1.12913             1.10201           0.0015167
                 723             1.11068             1.10203          0.00151465
                 724             1.17064             1.10212          0.00151552
                 725             1.07044             1.10208          0.00151406
                 726             1.04113             1.10199           0.0015143
                 727             1.08058             1.10196           0.0015125
                 728             1.06349             1.10191          0.00151134
                 729             1.15998             1.10199          0.00151137
                 730             1.09191             1.10198          0.00150936
                 731             1.07726             1.10194          0.00150768
                 732            0.980023             1.10178          0.00151479
                 733             1.05687             1.10171          0.00151396
                 734             1.11281             1.10173          0.00151197
                 735             1.09288             1.10172          0.00150996
                 736             1.11236             1.10173          0.00150798
                 737             1.14765             1.10179          0.00150722
                 738             1.13809             1.10184          0.00150598
                 739             1.10574             1.10185          0.00150395
                 740             1.09078             1.10183            0.001502
                 741             1.07993              1.1018          0.00150026
                 742             1.05119             1.10174          0.00149979
                 743             1.16834             1.10183          0.00150045
                 744             1.12599             1.10186          0.00149878
                 745             1.08437             1.10183          0.00149695
                 746             1.14086             1.10189          0.00149586
                 747             1.09948             1.10188          0.00149386
                 748             1.15033             1.10195          0.00149327
                 749             1.03411             1.10186          0.00149402
                 750             1.06851             1.10181          0.00149269
                 751              1.0676             1.10177          0.00149139
                 752             1.06016             1.10171          0.00149044
                 753             1.03298             1.10162          0.00149125
                 754             1.09534             1.10161           0.0014893
                 755             1.12831             1.10165          0.00148774
                 756              1.0376             1.10156          0.00148818
                 757             1.08969             1.10155           0.0014863
                 758             1.12438             1.10158          0.00148465
                 759              1.0708             1.10154          0.00148324
                 760             1.07612              1.1015          0.00148167
                 761             1.09532              1.1015          0.00147974
                 762             1.07811             1.10147          0.00147812
                 763             1.07626             1.10143          0.00147655
                 764              1.0926             1.10142          0.00147466
                 765              1.0805             1.10139          0.00147299
                 766             1.06254             1.10134          0.00147194
                 767             1.19365             1.10146          0.00147493
                 768             1.16044             1.10154          0.00147501
                 769             1.10052             1.10154          0.00147309
                 770             1.15508             1.10161          0.00147282
                 771             1.07248             1.10157          0.00147139
                 772             1.11941             1.10159          0.00146967
                 773             1.05899             1.10154           0.0014688
                 774             1.07289              1.1015          0.00146737
                 775             1.12156             1.10153          0.00146571
                 776             1.13846             1.10157          0.00146459
                 777             1.12027              1.1016           0.0014629
                 778              1.0537             1.10154          0.00146232
                 779             1.10471             1.10154          0.00146044
                 780             1.17908             1.10164          0.00146195
                 781             1.04184             1.10156          0.00146208
                 782             1.08112             1.10154          0.00146045
                 783             1.08101             1.10151          0.00145882
                 784             1.14163             1.10156          0.00145785
                 785             1.11414             1.10158          0.00145608
                 786             1.07355             1.10154          0.00145467
                 787             1.08312             1.10152          0.00145301
                 788             1.07149             1.10148          0.00145166
                 789             1.09691             1.10148          0.00144984
                 790              1.1152             1.10149          0.00144811
                 791              1.0776             1.10146          0.00144659
                 792             1.12969              1.1015           0.0014452
                 793              1.1433             1.10155          0.00144434
                 794             1.11201             1.10156          0.00144258
                 795             1.12621              1.1016           0.0014411
                 796             1.08875             1.10158          0.00143938
                 797             1.13103             1.10162          0.00143805
                 798              1.1652              1.1017          0.00143845
                 799             1.13552             1.10174          0.00143727
                 800             1.02846             1.10165          0.00143839
                 801             1.05425             1.10159          0.00143781
                 802             1.17665             1.10168          0.00143906
                 803             1.10277             1.10168          0.00143727
                 804              1.0768             1.10165          0.00143582
                 805             1.09733             1.10165          0.00143405
                 806             1.09177             1.10163          0.00143232
                 807             1.08591             1.10161          0.00143068
                 808             1.08502             1.10159          0.00142905
                 809             1.05178             1.10153          0.00142861
                 810             1.18639             1.10164          0.00143068
                 811             1.13703             1.10168          0.00142959
                 812             1.10771             1.10169          0.00142785
                 813             1.06311             1.10164          0.00142688
                 814             1.05616             1.10159          0.00142622
                 815             1.09803             1.10158          0.00142447
                 816             1.08712             1.10156          0.00142284
                 817              1.0544             1.10151          0.00142227
                 818             1.11412             1.10152          0.00142061
                 819             1.11859             1.10154          0.00141903
                 820             1.10913             1.10155          0.00141733
                 821              1.1426              1.1016          0.00141649
                 822             1.12735             1.10163          0.00141511
                 823             1.12685             1.10166          0.00141372
                 824             1.12196             1.10169          0.00141222
                 825             1.09999             1.10169          0.00141051
                 826             1.17301             1.10177          0.00141144
                 827             1.11905             1.10179          0.00140989
                 828             1.05611             1.10174          0.00140927
                 829             1.12378             1.10176          0.00140782
                 830             1.11035             1.10177          0.00140616
                 831             1.09842             1.10177          0.00140447
                 832             1.15628             1.10184          0.00140431
                 833             1.13538             1.10188           0.0014032
                 834             1.12081              1.1019           0.0014017
                 835             1.07047             1.10186          0.00140053
                 836             1.10157             1.10186          0.00139886
                 837             1.11742             1.10188          0.00139731
                 838             1.00642             1.10177          0.00140028
                 839             1.11786             1.10178          0.00139874
                 840             1.08683             1.10177          0.00139719
                 841             1.10326             1.10177          0.00139553
                 842             1.08379             1.10175          0.00139403
                 843             1.07054             1.10171          0.00139287
                 844             1.14699             1.10176          0.00139225
                 845             1.12647             1.10179          0.00139091
                 846             1.04595             1.10173          0.00139083
                 847             1.13656             1.10177           0.0013898
                 848             1.11692             1.10179          0.00138828
                 849             1.07794             1.10176          0.00138692
                 850             1.14482             1.10181          0.00138622
                 851             1.08872             1.10179          0.00138467
                 852             1.15517             1.10186          0.00138447
                 853              1.0835             1.10183          0.00138301
                 854             1.07667             1.10181           0.0013817
                 855             1.12226             1.10183           0.0013803
                 856              1.0751              1.1018          0.00137904
                 857             1.15803             1.10186          0.00137899
                 858             1.15569             1.10193          0.00137881
                 859              1.0639             1.10188          0.00137791
                 860             1.09794             1.10188          0.00137632
                 861             1.11986              1.1019          0.00137488
                 862             1.05891             1.10185          0.00137419
                 863             1.08331             1.10183          0.00137276
                 864              1.1224             1.10185          0.00137138
                 865             1.03957             1.10178          0.00137168
                 866             1.04405             1.10171          0.00137172
                 867              1.1149             1.10173          0.00137022
                 868             1.14853             1.10178           0.0013697
                 869             1.10418             1.10178          0.00136813
                 870             1.11136             1.10179           0.0013666
                 871             1.06744             1.10176           0.0013656
                 872             1.11344             1.10177           0.0013641
                 873             1.12484              1.1018          0.00136279
                 874              1.1119             1.10181          0.00136128
                 875             1.13029             1.10184          0.00136012
                 876             1.11109             1.10185           0.0013586
                 877             1.10316             1.10185          0.00135706
                 878             1.08937             1.10184          0.00135559
                 879             1.12917             1.10187           0.0013544
                 880             1.13558             1.10191           0.0013534
                 881             1.08043             1.10188          0.00135209
                 882             1.02936              1.1018          0.00135305
                 883             1.15565             1.10186          0.00135289
                 884             1.08329             1.10184          0.00135152
                 885             1.07268             1.10181           0.0013504
                 886             1.13675             1.10185          0.00134945
                 887             1.10557             1.10185          0.00134794
                 888              1.1567             1.10191          0.00134783
                 889              1.0142             1.10181          0.00134992
                 890             1.17178             1.10189          0.00135069
                 891             1.13487             1.10193          0.00134968
                 892             1.16157               1.102          0.00134983
                 893             1.06753             1.10196          0.00134887
                 894               1.043             1.10189          0.00134897
                 895             1.02818             1.10181          0.00134997
                 896             1.05216             1.10175           0.0013496
                 897              1.0872             1.10174           0.0013482
                 898             1.10747             1.10174          0.00134671
                 899             1.05578             1.10169          0.00134618
                 900             1.11543             1.10171          0.00134477
                 901             1.15208             1.10176          0.00134444
                 902             1.12824             1.10179          0.00134327
                 903              1.1266             1.10182          0.00134207
                 904             1.17674              1.1019          0.00134314
                 905             1.12055             1.10192          0.00134181
                 906             1.07736              1.1019           0.0013406
                 907             1.11522             1.10191          0.00133921
                 908             1.05515             1.10186          0.00133872
                 909             1.03446             1.10179           0.0013393
                 910             1.12802             1.10182          0.00133814
                 911             1.12456             1.10184           0.0013369
                 912             1.08393             1.10182          0.00133558
                 913             1.06841             1.10178          0.00133462
                 914             1.11169             1.10179           0.0013332
                 915             1.09472             1.10179          0.00133177
                 916              1.1413             1.10183          0.00133101
                 917             1.11204             1.10184          0.00132961
                 918             1.15428              1.1019          0.00132939
                 919             1.11502             1.10191          0.00132802
                 920             1.10913             1.10192           0.0013266
                 921             1.16356             1.10199          0.00132684
                 922             1.14354             1.10203          0.00132617
                 923             1.16552              1.1021          0.00132651
                 924             1.14156             1.10214          0.00132577
                 925             1.15356              1.1022           0.0013255
                 926             1.06893             1.10216          0.00132455
                 927              1.1327              1.1022          0.00132353
                 928             1.07748             1.10217          0.00132238
                 929             1.12724              1.1022          0.00132123
                 930             1.12339             1.10222             0.00132
                 931             1.12539             1.10224          0.00131882
                 932             1.10839             1.10225          0.00131742
                 933             1.09872             1.10225          0.00131602
                 934             1.13121             1.10228          0.00131497
                 935             1.14051             1.10232           0.0013142
                 936             1.11428             1.10233          0.00131286
                 937             1.10332             1.10233          0.00131146
                 938             1.09464             1.10232          0.00131009
                 939             1.09291             1.10231          0.00130873
                 940             1.15117             1.10237          0.00130837
                 941             1.13089              1.1024          0.00130733
                 942              1.0881             1.10238          0.00130603
                 943             1.05696             1.10233          0.00130553
                 944             1.10931             1.10234          0.00130417
                 945             1.10732             1.10235           0.0013028
                 946             1.14623             1.10239          0.00130225
                 947             1.09552             1.10239          0.00130089
                 948             1.12095             1.10241          0.00129967
                 949             1.08538             1.10239          0.00129842
                 950             1.13326             1.10242          0.00129746
                 951             1.06002             1.10238          0.00129687
                 952             1.11849             1.10239          0.00129561
                 953             1.05629             1.10234          0.00129516
                 954             1.04675             1.10229          0.00129511
                 955            0.994654             1.10217          0.00129865
                 956             1.05309             1.10212           0.0012983
                 957             1.08016              1.1021          0.00129715
                 958              1.1271             1.10212          0.00129606
                 959             1.12454             1.10215          0.00129492
                 960             1.16975             1.10222          0.00129548
                 961             1.06863             1.10218          0.00129461
                 962             1.06755             1.10215          0.00129376
                 963             1.06423             1.10211          0.00129302
                 964             1.09584              1.1021          0.00129169
                 965             1.14105             1.10214          0.00129098
                 966             1.10538             1.10215          0.00128965
                 967             1.12743             1.10217          0.00128858
                 968             1.03863             1.10211          0.00128892
                 969             1.03653             1.10204          0.00128937
                 970              1.1666              1.1021          0.00128975
                 971             1.09135             1.10209          0.00128847
                 972             1.09296             1.10208          0.00128718
                 973             1.08101             1.10206          0.00128604
                 974             1.05741             1.10202          0.00128554
                 975             1.09459             1.10201          0.00128424
                 976             1.12054             1.10203          0.00128307
                 977             1.12765             1.10205          0.00128202
                 978             1.09706             1.10205          0.00128072
                 979             1.04296             1.10199          0.00128083
                 980             1.12231             1.10201           0.0012797
                 981             1.09842             1.10201           0.0012784
                 982             1.14605             1.10205          0.00127788
                 983             1.10001             1.10205          0.00127658
                 984             1.10359             1.10205          0.00127529
                 985             1.08824             1.10204          0.00127407
                 986             1.12722             1.10206          0.00127303
                 987             1.11905             1.10208          0.00127186
                 988             1.05832             1.10203          0.00127134
                 989             1.11718             1.10205          0.00127015
                 990             1.11953             1.10207          0.00126899
                 991             1.08114             1.10205          0.00126788
                 992              1.1447             1.10209          0.00126734
                 993             1.10415             1.10209          0.00126606
                 994             1.13706             1.10213          0.00126528
                 995             1.02506             1.10205          0.00126637
                 996             1.14009             1.10209          0.00126568
                 997             1.11095              1.1021          0.00126444
                 998              1.0131             1.10201          0.00126631
                 999              1.1164             1.10202          0.00126513
                1000             1.20057             1.10212          0.00126769
