               1        -0.45488        -0.45488               0
               2        -0.46056        -0.45772         0.00284
               3         -0.4584       -0.457947      0.00165527
               4        -0.46112        -0.45874      0.00141398
               5         -0.4648       -0.459952      0.00163357
               6        -0.46488       -0.460773       0.0015664
               7          -0.472       -0.462377      0.00207961
               8         -0.4664        -0.46288      0.00186988
               9        -0.45408       -0.461902      0.00191716
              10         -0.4648       -0.462192      0.00173908
              11        -0.46536        -0.46248       0.0015992
              12         -0.4572        -0.46204      0.00152473
              13        -0.45808       -0.461735      0.00143525
              14        -0.46072       -0.461663      0.00133076
              15         -0.4616       -0.461659      0.00123887
              16        -0.46064       -0.461595      0.00116061
              17        -0.45472       -0.461191      0.00116279
              18          -0.462       -0.461236      0.00109721
              19        -0.46888       -0.461638      0.00111312
              20        -0.46968        -0.46204      0.00112996
