               1         1.26286         1.26286               0
               2         1.45629         1.35958       0.0967128
               3         1.37491         1.36469       0.0560707
               4         1.17648         1.31764        0.061529
               5         1.47849         1.34981       0.0575017
               6         1.26212         1.33519        0.049172
               7         1.40384           1.345       0.0426994
               8         1.32137         1.34205       0.0370965
               9         1.23802         1.33049       0.0346978
              10         1.26134         1.32357       0.0317957
              11         1.54469         1.34367        0.035089
              12         1.46383         1.35369       0.0335603
              13         1.08973         1.33338       0.0369498
              14         1.27657         1.32933       0.0344487
              15         1.48591         1.33976       0.0337262
              16         1.28731         1.33649       0.0317179
              17         1.36699         1.33828       0.0298477
              18         1.35906         1.33943       0.0281644
              19         1.45174         1.34535       0.0272886
              20         1.43287         1.34972       0.0262556
