               1        -0.01068        -0.01068               0
               2         0.01196         0.00064         0.01132
               3          0.0096      0.00362667       0.0071857
               4        -0.01248         -0.0004      0.00648315
               5         0.02792        0.005264      0.00756965
               6         0.00156      0.00464667      0.00621135
               7          0.0252      0.00758286      0.00601489
               8        -0.01144        0.005205      0.00572612
               9         0.01096      0.00584444      0.00509028
              10        -0.00648        0.004612      0.00471675
              11        -0.01164      0.00313455      0.00451504
              12         0.01832          0.0044      0.00431153
              13         -0.0232      0.00227692      0.00449854
              14        -0.00788      0.00155143      0.00422756
              15         0.01612      0.00252267      0.00405371
              16         0.00516       0.0026875      0.00379548
              17         0.01844      0.00361412      0.00368368
              18        -0.01128      0.00278667      0.00357022
              19         -0.0192      0.00162947      0.00356985
              20        -0.00972        0.001062      0.00343387
