               1        0.192432        0.192432               0
               2        0.202956        0.197694      0.00526188
               3        0.187448        0.194279        0.004571
               4        0.202424        0.196315      0.00382019
               5        0.198392        0.196731      0.00298812
               6        0.209782        0.198906      0.00326871
               7         0.21104        0.200639      0.00326138
               8        0.204248         0.20109      0.00286024
               9        0.193042        0.200196      0.00267632
              10        0.206232          0.2008       0.0024687
              11        0.200201        0.200745      0.00223368
              12        0.210462        0.201555      0.00219396
              13        0.194154        0.200986      0.00209691
              14        0.200154        0.200926      0.00194227
              15        0.193688        0.200444      0.00187144
              16        0.190675        0.199833      0.00185399
              17        0.202892        0.200013      0.00175079
              18         0.18891        0.199396      0.00176215
              19        0.206774        0.199785      0.00171146
              20        0.212109        0.200401      0.00173663
