                   1            0.848445            0.848445                   0
                   2            0.714324            0.781385           0.0474188
                   3            0.828285            0.797018           0.0340923
                   4            0.848375            0.809857           0.0278823
                   5            0.768838            0.801654           0.0234818
                   6            0.780654            0.798154           0.0198272
                   7              0.8608            0.807103            0.018907
                   8            0.775076              0.8031           0.0169622
                   9            0.809914            0.803857           0.0150944
                  10            0.782139            0.801685           0.0137403
                  11            0.822468            0.803575           0.0126204
                  12            0.780528            0.801654           0.0117139
                  13            0.798181            0.801387           0.0108159
                  14            0.806351            0.801741           0.0100491
                  15             0.79249            0.801125           0.0093981
                  16            0.814208            0.801942          0.00884622
                  17            0.787194            0.801075          0.00836829
                  18            0.791137            0.800523          0.00792157
                  19            0.798818            0.800433          0.00750516
                  20            0.820989            0.801461          0.00719993
                  21              0.7662            0.799782          0.00705015
                  22            0.840587            0.801636           0.0069694
                  23            0.772856            0.800385          0.00677779
                  24            0.781441            0.799596          0.00654118
                  25            0.817555            0.800314          0.00631886
                  26            0.808097            0.800613          0.00608291
                  27            0.774368            0.799641          0.00593478
                  28            0.827759            0.800646          0.00580716
                  29            0.794615            0.800438          0.00561064
                  30            0.768355            0.799368           0.0055246
                  31            0.839961            0.800678          0.00549938
                  32            0.787195            0.800256          0.00534364
                  33            0.775063            0.799493          0.00523596
                  34            0.824137            0.800218          0.00513189
                  35            0.841463            0.801396          0.00511878
                  36            0.751202            0.800002          0.00516299
                  37            0.773473            0.799285          0.00507299
                  38            0.842692            0.800427          0.00506646
                  39            0.813788             0.80077          0.00494812
                  40            0.765303            0.799883          0.00490322
                  41            0.816279            0.800283          0.00479991
                  42            0.825724            0.800889          0.00472369
                  43            0.792994            0.800705          0.00461741
                  44            0.785082             0.80035           0.0045261
                  45            0.817598            0.800733          0.00444172
                  46            0.793285            0.800571          0.00434811
                  47            0.810534            0.800783          0.00426076
                  48            0.783091            0.800415          0.00418791
                  49            0.796673            0.800338          0.00410313
                  50            0.819709            0.800726          0.00403932
                  51            0.803303            0.800776          0.00396043
                  52            0.754725            0.799891          0.00398206
                  53            0.866685            0.801151          0.00410151
                  54            0.772145            0.800614          0.00406057
                  55            0.788954            0.800402          0.00399227
                  56            0.794644            0.800299          0.00392231
                  57            0.838005            0.800961          0.00390888
                  58            0.770094            0.800428          0.00387754
                  59            0.795818             0.80035          0.00381261
                  60            0.814205            0.800581          0.00375605
                  61            0.786641            0.800353          0.00370142
                  62            0.836159             0.80093           0.0036865
                  63            0.765149            0.800362          0.00367148
                  64            0.853388            0.801191          0.00370642
                  65            0.752679            0.800444          0.00372378
                  66            0.803965            0.800498          0.00366774
                  67            0.827265            0.800897          0.00363469
                  68            0.790342            0.800742          0.00358455
                  69            0.808942            0.800861          0.00353457
                  70            0.781955            0.800591          0.00349438
                  71            0.806343            0.800672           0.0034461
                  72            0.817999            0.800912          0.00340663
                  73            0.805201            0.800971          0.00336047
                  74            0.790031            0.800823          0.00331831
                  75            0.794246            0.800736          0.00327523
                  76            0.804854             0.80079          0.00323258
                  77             0.80299            0.800818          0.00319072
                  78            0.824609            0.801123          0.00316436
                  79            0.763379            0.800646          0.00316017
                  80            0.844711            0.801196          0.00316831
                  81            0.756335            0.800643          0.00317723
                  82            0.811754            0.800778          0.00314137
                  83            0.800634            0.800776          0.00310353
                  84            0.821177            0.801019          0.00307607
                  85            0.768828            0.800641           0.0030631
                  86            0.815385            0.800812          0.00303228
                  87            0.781302            0.800588          0.00300571
                  88            0.798852            0.800568          0.00297162
                  89            0.818814            0.800773          0.00294529
                  90            0.783794            0.800584           0.0029186
                  91            0.847443            0.801099           0.0029316
                  92            0.751639            0.800562          0.00294862
                  93             0.84549            0.801045          0.00295623
                  94            0.791991            0.800948          0.00292635
                  95            0.815992            0.801107          0.00289982
                  96            0.814409            0.801245          0.00287292
                  97            0.792016             0.80115          0.00284488
                  98             0.81391             0.80128          0.00281883
                  99            0.801193             0.80128          0.00279036
                 100            0.781207            0.801079          0.00276966
                 101            0.799214             0.80106           0.0027423
                 102            0.820765            0.801254          0.00272221
                 103            0.795565            0.801198          0.00269634
                 104            0.808825            0.801272          0.00267142
                 105            0.790903            0.801173           0.0026478
                 106            0.792821            0.801094          0.00262399
                 107            0.829822            0.801363          0.00261317
                 108            0.802931            0.801377          0.00258901
                 109            0.796706            0.801334          0.00256561
                 110            0.799049            0.801313          0.00254237
                 111            0.795571            0.801262             0.00252
                 112            0.815667             0.80139          0.00250078
                 113            0.792217            0.801309          0.00247996
                 114            0.816565            0.801443          0.00246182
                 115            0.794122            0.801379          0.00244123
                 116            0.795712            0.801331          0.00242068
                 117            0.810672             0.80141           0.0024013
                 118            0.823221            0.801595          0.00238806
                 119             0.76524             0.80129          0.00238745
                 120            0.793947            0.801228          0.00236834
                 121            0.810767            0.801307          0.00235008
                 122            0.765261            0.801012          0.00234931
                 123            0.818164            0.801151          0.00233435
                 124            0.837057            0.801441          0.00233341
                 125            0.770223            0.801191          0.00232807
                 126            0.779178            0.801016          0.00231614
                 127            0.805649            0.801053          0.00229819
                 128            0.834599            0.801315          0.00229513
                 129            0.775432            0.801114          0.00228609
                 130            0.801587            0.801118          0.00226851
                 131            0.824147            0.801294          0.00225799
                 132            0.812613             0.80138          0.00224252
                 133            0.755371            0.801034          0.00225218
                 134            0.822968            0.801197          0.00224131
                 135            0.789161            0.801108          0.00222648
                 136            0.801476            0.801111          0.00221011
                 137            0.804629            0.801136          0.00219413
                 138            0.788423            0.801044          0.00218016
                 139             0.81791            0.801166          0.00216785
                 140            0.820936            0.801307          0.00215696
                 141             0.78077            0.801161          0.00214658
                 142             0.81649            0.801269          0.00213417
                 143            0.779754            0.801119          0.00212454
                 144            0.825955            0.801291          0.00211678
                 145            0.791809            0.801226          0.00210319
                 146            0.811406            0.801296          0.00208994
                 147            0.800906            0.801293          0.00207573
                 148            0.819012            0.801413          0.00206515
                 149            0.752894            0.801087           0.0020768
                 150            0.817629            0.801197          0.00206588
                 151            0.823238            0.801343          0.00205735
                 152             0.76462            0.801102          0.00205795
                 153            0.805705            0.801132          0.00204472
                 154            0.789807            0.801058          0.00203277
                 155            0.805818            0.801089          0.00201989
                 156            0.788522            0.801008          0.00200854
                 157            0.797659            0.800987          0.00199586
                 158            0.814983            0.801076           0.0019852
                 159            0.806819            0.801112          0.00197304
                 160            0.799068            0.801099          0.00196075
                 161            0.811436            0.801163          0.00194962
                 162            0.785757            0.801068           0.0019399
                 163            0.833735            0.801268          0.00193833
                 164             0.77202             0.80109           0.0019347
                 165            0.789487             0.80102          0.00192425
                 166            0.818695            0.801126           0.0019156
                 167            0.789705            0.801058          0.00190535
                 168            0.833744            0.801252          0.00190392
                 169            0.773393            0.801088          0.00189977
                 170            0.809633            0.801138          0.00188926
                 171            0.812821            0.801206          0.00187945
                 172            0.796052            0.801176          0.00186876
                 173            0.788554            0.801103          0.00185938
                 174            0.804657            0.801124          0.00184881
                 175            0.812144            0.801187          0.00183932
                 176            0.829731            0.801349            0.001836
                 177            0.782859            0.801244           0.0018286
                 178            0.790408            0.801184          0.00181934
                 179            0.804511            0.801202          0.00180927
                 180            0.779549            0.801082          0.00180321
                 181            0.812976            0.801148          0.00179445
                 182            0.840435            0.801363          0.00179753
                 183            0.782986            0.801263          0.00179051
                 184            0.786787            0.801184           0.0017825
                 185            0.824246            0.801309          0.00177722
                 186            0.806729            0.801338           0.0017679
                 187            0.776926            0.801208          0.00176326
                 188            0.811804            0.801264          0.00175479
                 189            0.795353            0.801233          0.00174578
                 190            0.816601            0.801314          0.00173846
                 191            0.792889            0.801269          0.00172992
                 192            0.820995            0.801372          0.00172396
                 193            0.782186            0.801273          0.00171789
                 194            0.827314            0.801407          0.00171427
                 195            0.760068            0.801195          0.00171854
                 196             0.78882            0.801132          0.00171093
                 197            0.832127            0.801289          0.00170946
                 198            0.789331            0.801229           0.0017019
                 199            0.801936            0.801232          0.00169335
                 200            0.818737             0.80132          0.00168714
                 201            0.799867            0.801313          0.00167876
                 202            0.781004            0.801212          0.00167346
                 203            0.807896            0.801245          0.00166554
                 204            0.776124            0.801122          0.00166192
                 205            0.826588            0.801246          0.00165845
                 206            0.792926            0.801206          0.00165089
                 207            0.822704             0.80131          0.00164618
                 208            0.788898             0.80125          0.00163935
                 209            0.782018            0.801158          0.00163408
                 210            0.816328             0.80123           0.0016279
                 211            0.797372            0.801212          0.00162029
                 212            0.808635            0.801247          0.00161302
                 213            0.794146            0.801213          0.00160579
                 214            0.843861            0.801413          0.00161061
                 215             0.71251            0.800999          0.00165535
                 216            0.859685            0.801271          0.00166983
                 217            0.787736            0.801209           0.0016633
                 218            0.785312            0.801136          0.00165727
                 219              0.8281            0.801259          0.00165427
                 220            0.800158            0.801254          0.00164676
                 221             0.79341            0.801218          0.00163969
                 222            0.792716             0.80118          0.00163275
                 223            0.832245            0.801319          0.00163136
                 224            0.766786            0.801165          0.00163134
                 225            0.818388            0.801242          0.00162589
                 226            0.825654             0.80135          0.00162228
                 227            0.765089             0.80119          0.00162298
                 228            0.840322            0.801362          0.00162491
                 229            0.801923            0.801364          0.00161782
                 230            0.802758             0.80137          0.00161079
                 231            0.798869            0.801359          0.00160386
                 232            0.805255            0.801376          0.00159703
                 233            0.775792            0.801266          0.00159395
                 234            0.813645            0.801319          0.00158801
                 235            0.812614            0.801367          0.00158198
                 236            0.777059            0.801264          0.00157863
                 237            0.811405            0.801307          0.00157255
                 238             0.81152             0.80135          0.00156653
                 239             0.80019            0.801345          0.00155998
                 240            0.809082            0.801377          0.00155381
                 241            0.818538            0.801449            0.001549
                 242            0.807457            0.801473          0.00154279
                 243            0.798053            0.801459          0.00153651
                 244            0.809623            0.801493          0.00153058
                 245            0.797712            0.801477          0.00152441
                 246            0.769973            0.801349          0.00152358
                 247            0.821831            0.801432          0.00151967
                 248            0.799357            0.801424          0.00151356
                 249             0.79548              0.8014          0.00150767
                 250            0.806726            0.801421          0.00150179
                 251             0.80176            0.801423          0.00149581
                 252            0.808789            0.801452          0.00149016
                 253            0.812714            0.801496          0.00148493
                 254             0.83352            0.801622          0.00148443
                 255            0.732488            0.801351          0.00150316
                 256            0.823404            0.801437          0.00149976
                 257            0.773896             0.80133          0.00149775
                 258            0.833632            0.801455          0.00149716
                 259            0.756169            0.801281          0.00150156
                 260            0.808587            0.801309          0.00149605
                 261            0.802927            0.801315          0.00149033
                 262            0.821181            0.801391          0.00148657
                 263            0.792968            0.801359          0.00148126
                 264            0.794183            0.801332           0.0014759
                 265            0.789414            0.801287          0.00147101
                 266            0.805848            0.801304          0.00146558
                 267            0.778961             0.80122          0.00146248
                 268            0.843325            0.801377          0.00146544
                 269            0.790898            0.801338          0.00146051
                 270            0.754497            0.801165          0.00146537
                 271            0.819698            0.801233          0.00146155
                 272            0.840078            0.801376          0.00146314
                 273             0.76786            0.801253          0.00146292
                 274            0.803601            0.801262          0.00145761
                 275            0.833424            0.801379          0.00145699
                 276            0.790058            0.801338          0.00145229
                 277            0.790827              0.8013          0.00144754
                 278            0.829823            0.801402          0.00144597
                 279            0.806047            0.801419          0.00144088
                 280            0.765187             0.80129          0.00144154
                 281            0.787761            0.801241          0.00143721
                 282              0.8231            0.801319           0.0014342
                 283            0.833595            0.801433          0.00143366
                 284             0.77812            0.801351          0.00143096
                 285            0.785441            0.801295          0.00142703
                 286            0.825285            0.801379           0.0014245
                 287            0.783404            0.801316          0.00142091
                 288            0.827188            0.801406          0.00141882
                 289            0.777878            0.801325          0.00141624
                 290            0.826853            0.801413          0.00141409
                 291            0.774705            0.801321          0.00141221
                 292            0.811968            0.801357          0.00140784
                 293             0.78063            0.801287          0.00140481
                 294            0.833807            0.801397          0.00140438
                 295            0.821063            0.801464           0.0014012
                 296             0.75566            0.801309          0.00140499
                 297             0.80759             0.80133          0.00140042
                 298            0.840417            0.801462          0.00140185
                 299            0.775198            0.801374          0.00139991
                 300            0.816185            0.801423          0.00139611
                 301            0.774941            0.801335          0.00139424
                 302            0.791862            0.801304          0.00138998
                 303            0.827948            0.801392          0.00138817
                 304            0.815084            0.801437          0.00138433
                 305            0.788714            0.801395          0.00138042
                 306            0.801665            0.801396          0.00137591
                 307            0.794505            0.801373          0.00137161
                 308            0.789788            0.801336          0.00136768
                 309            0.792886            0.801308          0.00136352
                 310            0.768192            0.801202           0.0013633
                 311            0.826971            0.801284          0.00136144
                 312            0.808348            0.801307          0.00135726
                 313            0.802667            0.801311          0.00135293
                 314            0.802855            0.801316          0.00134863
                 315            0.794971            0.801296           0.0013445
                 316            0.795396            0.801278          0.00134038
                 317             0.78295             0.80122          0.00133739
                 318            0.826171            0.801298          0.00133549
                 319            0.767852            0.801193          0.00133541
                 320            0.820282            0.801253          0.00133257
                 321            0.787326             0.80121          0.00132912
                 322            0.809737            0.801236          0.00132526
                 323            0.815605            0.801281           0.0013219
                 324            0.810755             0.80131          0.00131815
                 325            0.797952              0.8013          0.00131413
                 326            0.791331            0.801269          0.00131046
                 327             0.82241            0.801334          0.00130804
                 328            0.794281            0.801312          0.00130423
                 329            0.797258              0.8013          0.00130033
                 330             0.79429            0.801279          0.00129656
                 331            0.792171            0.801251          0.00129293
                 332            0.820883             0.80131          0.00129039
                 333            0.798315            0.801301          0.00128655
                 334            0.771114            0.801211          0.00128587
                 335            0.842769            0.801335            0.001288
                 336             0.75964            0.801211          0.00129013
                 337             0.80027            0.801208           0.0012863
                 338            0.830381            0.801294          0.00128539
                 339            0.807973            0.801314          0.00128175
                 340            0.747491            0.801156          0.00128772
                 341            0.809595             0.80118          0.00128418
                 342            0.834563            0.801278          0.00128413
                 343            0.777159            0.801208          0.00128231
                 344            0.827295            0.801284          0.00128082
                 345            0.783027            0.801231           0.0012782
                 346            0.804834            0.801241          0.00127455
                 347            0.811748            0.801271          0.00127124
                 348            0.794034            0.801251          0.00126775
                 349            0.811125            0.801279          0.00126444
                 350            0.793782            0.801257            0.001261
                 351            0.798686             0.80125          0.00125743
                 352             0.81507            0.801289          0.00125447
                 353            0.818057            0.801337          0.00125182
                 354            0.792833            0.801313          0.00124851
                 355            0.811144             0.80134           0.0012453
                 356            0.773783            0.801263          0.00124421
                 357            0.815964            0.801304          0.00124141
                 358            0.818425            0.801352          0.00123886
                 359            0.778086            0.801287           0.0012371
                 360             0.78662            0.801247          0.00123434
                 361            0.836047            0.801343          0.00123468
                 362             0.77869             0.80128          0.00123285
                 363            0.778863            0.801219            0.001231
                 364            0.835705            0.801313          0.00123126
                 365            0.799221            0.801308           0.0012279
                 366            0.788802            0.801273          0.00122502
                 367            0.801701            0.801275          0.00122168
                 368             0.79996            0.801271          0.00121837
                 369            0.826399            0.801339          0.00121697
                 370            0.795811            0.801324          0.00121377
                 371            0.803524             0.80133          0.00121051
                 372            0.827881            0.801401          0.00120936
                 373            0.771503            0.801321          0.00120877
                 374            0.782635            0.801271          0.00120657
                 375            0.830382            0.801349          0.00120585
                 376            0.797101            0.801338          0.00120269
                 377            0.786606            0.801299          0.00120014
                 378            0.843435             0.80141          0.00120213
                 379            0.788983            0.801377           0.0011994
                 380             0.82104            0.801429          0.00119736
                 381            0.783129            0.801381          0.00119518
                 382            0.813423            0.801413          0.00119247
                 383            0.766847            0.801322          0.00119277
                 384            0.843551            0.801432          0.00119472
                 385            0.801434            0.801432          0.00119162
                 386            0.762791            0.801332          0.00119273
                 387            0.840916            0.801434          0.00119402
                 388            0.783067            0.801387          0.00119188
                 389            0.803669            0.801393          0.00118883
                 390            0.770968            0.801315          0.00118834
                 391            0.839614            0.801413          0.00118933
                 392            0.747586            0.801276           0.0011942
                 393            0.820847            0.801325           0.0011922
                 394            0.805049            0.801335          0.00118921
                 395            0.819872            0.801382          0.00118713
                 396            0.787015            0.801345          0.00118468
                 397            0.820981            0.801395          0.00118273
                 398            0.794808            0.801378          0.00117987
                 399            0.792744            0.801357          0.00117712
                 400            0.780342            0.801304          0.00117534
                 401            0.849098            0.801423          0.00117844
                 402            0.771769             0.80135          0.00117782
                 403            0.791919            0.801326          0.00117513
                 404            0.827069             0.80139          0.00117394
                 405            0.803115            0.801394          0.00117105
                 406            0.816896            0.801432          0.00116879
                 407            0.792248             0.80141          0.00116614
                 408            0.806361            0.801422          0.00116334
                 409             0.79305            0.801402          0.00116068
                 410            0.796999            0.801391           0.0011579
                 411            0.795583            0.801377          0.00115517
                 412            0.832218            0.801451          0.00115478
                 413             0.79483            0.801435           0.0011521
                 414            0.796972            0.801425          0.00114937
                 415            0.794977            0.801409           0.0011467
                 416            0.794581            0.801393          0.00114406
                 417            0.837653             0.80148          0.00114462
                 418            0.797218            0.801469          0.00114193
                 419            0.785007             0.80143          0.00113988
                 420            0.794194            0.801413          0.00113729
                 421            0.837781            0.801499          0.00113787
                 422            0.792641            0.801478          0.00113537
                 423             0.77673             0.80142          0.00113419
                 424            0.847192            0.801528          0.00113664
                 425            0.754231            0.801417           0.0011394
                 426            0.830487            0.801485          0.00113877
                 427            0.798214            0.801477          0.00113612
                 428            0.790317            0.801451          0.00113377
                 429            0.839221            0.801539          0.00113454
                 430            0.758923             0.80144          0.00113622
                 431            0.822669            0.801489          0.00113465
                 432            0.786291            0.801454          0.00113257
                 433            0.804144             0.80146          0.00112997
                 434            0.772625            0.801394          0.00112932
                 435            0.822129            0.801441          0.00112773
                 436             0.80183            0.801442          0.00112514
                 437            0.795092            0.801428          0.00112266
                 438            0.810874            0.801449          0.00112031
                 439            0.791731            0.801427          0.00111797
                 440            0.802684             0.80143          0.00111544
                 441            0.789051            0.801402          0.00111326
                 442            0.828386            0.801463          0.00111241
                 443             0.79049            0.801438          0.00111018
                 444            0.836245            0.801517          0.00111044
                 445            0.743457            0.801386          0.00111559
                 446            0.812975            0.801412          0.00111339
                 447            0.775865            0.801355          0.00111236
                 448            0.838632            0.801438          0.00111299
                 449            0.766224             0.80136          0.00111327
                 450            0.826636            0.801416          0.00111221
                 451            0.795702            0.801403          0.00110982
                 452            0.814894            0.801433          0.00110776
                 453            0.775371            0.801376          0.00110681
                 454            0.820572            0.801418          0.00110518
                 455             0.78096            0.801373          0.00110367
                 456            0.829695            0.801435          0.00110299
                 457            0.779811            0.801388          0.00110159
                 458            0.779677             0.80134          0.00110021
                 459              0.8324            0.801408          0.00109989
                 460            0.802647            0.801411           0.0010975
                 461             0.76946            0.801341          0.00109731
                 462            0.802914            0.801345          0.00109494
                 463            0.817818             0.80138          0.00109315
                 464            0.800832            0.801379          0.00109079
                 465            0.799805            0.801376          0.00108845
                 466            0.786238            0.801343           0.0010866
                 467            0.832574             0.80141          0.00108633
                 468            0.767667            0.801338           0.0010864
                 469            0.789116            0.801312           0.0010844
                 470            0.831322            0.801376          0.00108397
                 471            0.777967            0.801326           0.0010828
                 472            0.819828            0.801365          0.00108122
                 473            0.802885            0.801369          0.00107894
                 474            0.757206            0.801275          0.00108068
                 475            0.822222             0.80132           0.0010793
                 476            0.815942             0.80135          0.00107747
                 477            0.767541            0.801279          0.00107754
                 478            0.785939            0.801247          0.00107577
                 479              0.8394            0.801327          0.00107646
                 480            0.778099            0.801279          0.00107531
                 481            0.817664            0.801313          0.00107361
                 482             0.77841            0.801265          0.00107244
                 483            0.809566            0.801282          0.00107035
                 484            0.845164            0.801373          0.00107198
                 485            0.783901            0.801337          0.00107037
                 486             0.78771            0.801309          0.00106853
                 487            0.828794            0.801365          0.00106783
                 488            0.806241            0.801375          0.00106569
                 489            0.772978            0.801317          0.00106509
                 490            0.815596            0.801346          0.00106332
                 491            0.802401            0.801349          0.00106115
                 492            0.809765            0.801366          0.00105913
                 493            0.776622            0.801315          0.00105817
                 494             0.85319             0.80142          0.00106123
                 495            0.767375            0.801352          0.00106131
                 496            0.805003            0.801359           0.0010592
                 497            0.809525            0.801376          0.00105719
                 498            0.805905            0.801385          0.00105511
                 499            0.800737            0.801383            0.001053
                 500            0.821899            0.801424          0.00105169
                 501            0.780791            0.801383           0.0010504
                 502            0.828393            0.801437          0.00104968
                 503            0.784642            0.801404          0.00104812
                 504             0.81833            0.801437          0.00104658
                 505            0.782201            0.801399           0.0010452
                 506            0.801706              0.8014          0.00104314
                 507            0.832034             0.80146          0.00104283
                 508            0.779103            0.801416           0.0010417
                 509            0.786808            0.801387          0.00104005
                 510            0.839082            0.801461          0.00104064
                 511            0.780526             0.80142          0.00103941
                 512            0.799276            0.801416          0.00103738
                 513            0.790711            0.801395          0.00103557
                 514            0.858744            0.801507          0.00103955
                 515            0.751776             0.80141          0.00104201
                 516              0.7965            0.801401          0.00104003
                 517            0.811417             0.80142           0.0010382
                 518            0.816976             0.80145          0.00103663
                 519             0.78042             0.80141          0.00103542
                 520            0.806702             0.80142          0.00103348
                 521            0.817725            0.801451          0.00103197
                 522            0.811409             0.80147          0.00103017
                 523            0.806947            0.801481          0.00102826
                 524            0.775744            0.801432          0.00102747
                 525            0.837729            0.801501          0.00102783
                 526            0.781892            0.801463          0.00102655
                 527             0.80797            0.801476          0.00102468
                 528            0.809354            0.801491          0.00102285
                 529            0.775381            0.801441          0.00102211
                 530            0.798407            0.801436          0.00102019
                 531            0.778177            0.801392          0.00101921
                 532            0.830923            0.801447          0.00101881
                 533            0.787544            0.801421          0.00101723
                 534            0.802329            0.801423          0.00101533
                 535            0.826177            0.801469          0.00101448
                 536            0.778529            0.801426          0.00101349
                 537            0.816911            0.801455          0.00101201
                 538            0.786754            0.801428           0.0010105
                 539            0.802211            0.801429          0.00100863
                 540            0.817086            0.801458          0.00100718
                 541            0.780978             0.80142          0.00100603
                 542            0.811603            0.801439          0.00100435
                 543            0.812192            0.801459          0.00100269
                 544            0.790871             0.80144          0.00100104
                 545            0.778654            0.801398          0.00100007
                 546             0.82064            0.801433         0.000998862
                 547            0.852548            0.801526           0.0010014
                 548            0.767621            0.801465          0.00100148
                 549            0.804966            0.801471         0.000999676
                 550            0.803911            0.801475         0.000997868
                 551            0.801243            0.801475         0.000996057
                 552            0.818931            0.801507         0.000994754
                 553             0.78987            0.801486         0.000993178
                 554            0.812386            0.801505          0.00099158
                 555            0.755378            0.801422         0.000993271
                 556            0.855097            0.801519         0.000996165
                 557            0.764506            0.801452          0.00099659
                 558            0.836664            0.801515           0.0009968
                 559            0.780045            0.801477         0.000995756
                 560            0.815248            0.801502         0.000994282
                 561             0.81413            0.801524         0.000992764
                 562            0.781946            0.801489         0.000991609
                 563             0.79818            0.801483         0.000989865
                 564            0.809041            0.801497         0.000988201
                 565            0.770361            0.801442         0.000987987
                 566            0.810764            0.801458         0.000986379
                 567            0.821892            0.801494         0.000985297
                 568            0.796764            0.801486         0.000983598
                 569            0.786947             0.80146         0.000982201
                 570             0.78924            0.801439         0.000980712
                 571            0.804261            0.801444         0.000979006
                 572             0.78992            0.801424         0.000977502
                 573            0.809031            0.801437         0.000975886
                 574            0.811618            0.801455         0.000974347
                 575            0.803093            0.801457         0.000972657
                 576             0.77653            0.801414         0.000971931
                 577            0.821358            0.801449         0.000970861
                 578             0.78293            0.801417          0.00096971
                 579            0.815065             0.80144         0.000968321
                 580            0.792992            0.801426         0.000966761
                 581            0.805677            0.801433         0.000965125
                 582            0.794759            0.801422         0.000963535
                 583            0.801325            0.801421         0.000961882
                 584            0.818814            0.801451         0.000960696
                 585            0.802917            0.801454         0.000959057
                 586             0.79704            0.801446          0.00095745
                 587            0.776015            0.801403         0.000956799
                 588            0.807222            0.801413         0.000955223
                 589            0.825469            0.801454         0.000954474
                 590            0.816176            0.801479         0.000953182
                 591            0.743061             0.80138          0.00095668
                 592            0.813819            0.801401         0.000955295
                 593             0.81805            0.801429         0.000954097
                 594             0.77735            0.801388         0.000953351
                 595            0.814774            0.801411         0.000952014
                 596            0.824406            0.801449         0.000951199
                 597            0.768055            0.801393         0.000951249
                 598            0.815957            0.801418          0.00094997
                 599            0.794847            0.801407         0.000948447
                 600             0.80642            0.801415         0.000946903
                 601            0.807961            0.801426          0.00094539
                 602            0.787163            0.801402         0.000944117
                 603             0.80201            0.801403         0.000942551
                 604            0.791783            0.801387         0.000941125
                 605            0.819126            0.801417         0.000940026
                 606            0.784258            0.801388         0.000938902
                 607            0.768904            0.801335         0.000938879
                 608            0.824864            0.801374         0.000938132
                 609            0.812215            0.801391          0.00093676
                 610            0.796291            0.801383         0.000935262
                 611             0.78049            0.801349         0.000934356
                 612            0.829322            0.801395         0.000933947
                 613            0.769932            0.801343         0.000933832
                 614             0.83009             0.80139         0.000933484
                 615            0.773114            0.801344         0.000933098
                 616            0.806606            0.801353         0.000931622
                 617            0.803576            0.801356          0.00093012
                 618             0.79254            0.801342         0.000928724
                 619            0.814478            0.801363         0.000927466
                 620            0.779059            0.801327         0.000926667
                 621            0.834813            0.801381         0.000926743
                 622            0.766842            0.801326         0.000926915
                 623            0.805811            0.801333         0.000925455
                 624            0.823957            0.801369         0.000924682
                 625            0.759088            0.801301         0.000925674
                 626            0.830611            0.801348         0.000925378
                 627             0.80057            0.801347         0.000923903
                 628            0.800288            0.801345         0.000922434
                 629            0.804178             0.80135         0.000920978
                 630            0.792327            0.801335         0.000919628
                 631            0.771016            0.801287         0.000919425
                 632            0.855106            0.801373         0.000921905
                 633            0.770271            0.801323         0.000921757
                 634            0.793912            0.801312         0.000920377
                 635            0.816698            0.801336         0.000919247
                 636            0.795802            0.801327         0.000917843
                 637            0.805692            0.801334         0.000916427
                 638            0.831638            0.801382         0.000916221
                 639            0.789098            0.801362         0.000914989
                 640            0.799389            0.801359         0.000913564
                 641            0.774101            0.801317         0.000913128
                 642            0.815566            0.801339         0.000911976
                 643            0.805128            0.801345         0.000910576
                 644            0.808068            0.801355         0.000909222
                 645            0.797917             0.80135         0.000907828
                 646            0.800681            0.801349         0.000906423
                 647            0.810289            0.801363         0.000905128
                 648            0.812747             0.80138         0.000903902
                 649            0.765225            0.801325         0.000904224
                 650            0.821106            0.801355         0.000903345
                 651            0.783537            0.801328         0.000902372
                 652            0.803774            0.801331         0.000900995
                 653            0.828991            0.801374         0.000900611
                 654            0.775476            0.801334         0.000900104
                 655            0.789185            0.801316         0.000898921
                 656            0.820892            0.801346         0.000898046
                 657            0.797884             0.80134         0.000896694
                 658            0.792524            0.801327         0.000895432
                 659            0.804908            0.801332         0.000894089
                 660            0.786921             0.80131         0.000893001
                 661            0.829591            0.801353         0.000892674
                 662            0.786318            0.801331         0.000891615
                 663            0.796553            0.801323         0.000890299
                 664             0.81003            0.801336         0.000889055
                 665            0.784628            0.801311         0.000888073
                 666            0.854364            0.801391         0.000890305
                 667            0.786033            0.801368         0.000889268
                 668            0.810767            0.801382         0.000888048
                 669            0.800784            0.801381         0.000886721
                 670            0.762319            0.801323         0.000887312
                 671            0.834887            0.801373         0.000887399
                 672            0.770772            0.801327         0.000887246
                 673            0.793398            0.801315         0.000886005
                 674            0.812428            0.801332         0.000884844
                 675            0.807918            0.801342         0.000883587
                 676            0.779659             0.80131         0.000882862
                 677            0.801477             0.80131         0.000881558
                 678            0.803198            0.801313         0.000880262
                 679            0.801772            0.801313         0.000878966
                 680            0.819004            0.801339         0.000878058
                 681            0.774147            0.801299         0.000877676
                 682            0.817037            0.801323         0.000876693
                 683            0.814478            0.801342         0.000875621
                 684            0.809427            0.801354          0.00087442
                 685            0.782924            0.801327         0.000873558
                 686            0.790795            0.801311         0.000872419
                 687            0.810562            0.801325         0.000871253
                 688            0.802073            0.801326         0.000869988
                 689            0.804984            0.801331         0.000868741
                 690            0.793786             0.80132         0.000867551
                 691             0.78577            0.801298         0.000866587
                 692            0.828058            0.801336         0.000866197
                 693            0.758878            0.801275         0.000867112
                 694            0.837528            0.801327         0.000867434
                 695            0.796622            0.801321         0.000866212
                 696            0.776861            0.801286         0.000865681
                 697            0.825777            0.801321         0.000865151
                 698            0.791649            0.801307         0.000864023
                 699            0.800222            0.801305         0.000862788
                 700            0.800871            0.801305         0.000861556
                 701            0.796616            0.801298         0.000860353
                 702            0.782222            0.801271         0.000859556
                 703            0.813033            0.801287         0.000858496
                 704            0.824196             0.80132         0.000857893
                 705            0.798222            0.801316         0.000856688
                 706            0.791693            0.801302         0.000855583
                 707            0.806294            0.801309         0.000854402
                 708            0.793781            0.801298         0.000853261
                 709             0.81811            0.801322         0.000852387
                 710            0.807011             0.80133         0.000851224
                 711            0.778828            0.801299         0.000850615
                 712            0.815156            0.801318         0.000849643
                 713            0.817575            0.801341         0.000848757
                 714            0.765313             0.80129         0.000849067
                 715            0.812575            0.801306         0.000848026
                 716            0.815468            0.801326         0.000847073
                 717            0.775725             0.80129         0.000846643
                 718            0.777023            0.801256         0.000846138
                 719            0.786933            0.801236         0.000845196
                 720            0.816293            0.801257         0.000844281
                 721             0.82092            0.801285          0.00084355
                 722            0.760323            0.801228         0.000844288
                 723            0.812413            0.801243         0.000843262
                 724            0.831655            0.801285         0.000843142
                 725            0.750378            0.801215         0.000844898
                 726            0.840731             0.80127         0.000845486
                 727            0.798568            0.801266         0.000844331
                 728            0.801614            0.801266         0.000843171
                 729            0.807874            0.801275         0.000842063
                 730            0.771894            0.801235         0.000841871
                 731            0.819432             0.80126         0.000841088
                 732            0.781794            0.801233         0.000840359
                 733            0.824675            0.801265         0.000839821
                 734             0.78638            0.801245         0.000838921
                 735            0.816886            0.801266          0.00083805
                 736            0.788691            0.801249         0.000837085
                 737            0.821123            0.801276         0.000836384
                 738             0.80924            0.801287          0.00083532
                 739             0.79646            0.801281         0.000834215
                 740            0.805503            0.801286         0.000833107
                 741            0.797016            0.801281         0.000832003
                 742             0.82432            0.801312         0.000831461
                 743            0.788884            0.801295          0.00083051
                 744             0.79188            0.801282          0.00082949
                 745            0.822817            0.801311          0.00082888
                 746            0.805485            0.801317         0.000827788
                 747            0.777675            0.801285         0.000827285
                 748            0.842032             0.80134          0.00082797
                 749            0.751769            0.801273         0.000829506
                 750            0.826513            0.801307         0.000829082
                 751            0.789549            0.801291         0.000828126
                 752            0.817587            0.801313         0.000827308
                 753             0.76525            0.801265         0.000827595
                 754             0.79362            0.801255         0.000826559
                 755            0.804001            0.801259         0.000825472
                 756            0.799356            0.801256         0.000824384
                 757            0.825091            0.801288         0.000823896
                 758            0.764056            0.801238         0.000824272
                 759             0.81089            0.801251         0.000823284
                 760            0.842544            0.801306         0.000823992
                 761            0.743215            0.801229         0.000826437
                 762            0.828075            0.801264         0.000826103
                 763            0.787303            0.801246         0.000825223
                 764            0.807839            0.801255         0.000824188
                 765            0.820303             0.80128         0.000823487
                 766            0.788891            0.801263         0.000822571
                 767            0.779366            0.801235         0.000821994
                 768            0.805287             0.80124          0.00082094
                 769            0.824397             0.80127         0.000820425
                 770            0.772493            0.801233          0.00082021
                 771             0.82102            0.801259         0.000819548
                 772            0.811095            0.801271         0.000818585
                 773            0.762973            0.801222         0.000819024
                 774            0.825638            0.801253         0.000818573
                 775            0.797228            0.801248         0.000817533
                 776            0.820485            0.801273         0.000816856
                 777            0.787177            0.801255         0.000816006
                 778            0.758673              0.8012          0.00081679
                 779            0.819951            0.801224         0.000816097
                 780            0.814601            0.801241          0.00081523
                 781            0.814825            0.801259         0.000814372
                 782            0.791907            0.801247         0.000813419
                 783            0.788293             0.80123         0.000812548
                 784            0.806546            0.801237          0.00081154
                 785            0.764656             0.80119         0.000811843
                 786            0.833624            0.801232         0.000811858
                 787            0.794024            0.801222         0.000810878
                 788            0.845624            0.801279         0.000811804
                 789            0.750578            0.801215         0.000813315
                 790            0.806778            0.801222         0.000812316
                 791            0.807789             0.80123         0.000811331
                 792            0.817587            0.801251          0.00081057
                 793            0.776239            0.801219         0.000810161
                 794             0.81658            0.801238         0.000809372
                 795             0.79134            0.801226         0.000808449
                 796            0.797989            0.801222         0.000807444
                 797            0.821523            0.801247         0.000806832
                 798            0.800522            0.801246         0.000805822
                 799            0.810379            0.801258         0.000804894
                 800            0.784352            0.801237         0.000804166
                 801            0.815882            0.801255         0.000803369
                 802             0.77926            0.801228         0.000802836
                 803            0.809629            0.801238         0.000801904
                 804            0.791204            0.801226         0.000801004
                 805            0.824316            0.801254         0.000800522
                 806            0.797756             0.80125         0.000799541
                 807            0.812386            0.801264         0.000798669
                 808            0.813544            0.801279         0.000797825
                 809            0.809211            0.801289         0.000796899
                 810            0.787003            0.801271         0.000796111
                 811            0.807676            0.801279         0.000795168
                 812            0.837739            0.801324         0.000795456
                 813            0.762017            0.801276         0.000795945
                 814              0.8157            0.801293         0.000795165
                 815            0.775567            0.801262         0.000794815
                 816            0.825306            0.801291         0.000794387
                 817            0.812953            0.801305         0.000793543
                 818            0.767802            0.801264         0.000793629
                 819            0.835947            0.801307         0.000793789
                 820            0.794383            0.801298         0.000792866
                 821            0.795687            0.801292          0.00079193
                 822            0.792692            0.801281         0.000791036
                 823            0.833956            0.801321          0.00079107
                 824            0.741153            0.801248         0.000793473
                 825            0.830729            0.801283         0.000793315
                 826            0.787357            0.801267         0.000792534
                 827             0.82754            0.801298         0.000792212
                 828            0.781135            0.801274          0.00079163
                 829            0.807119            0.801281         0.000790706
                 830            0.817429            0.801301         0.000789993
                 831             0.79027            0.801287         0.000789154
                 832            0.807545            0.801295         0.000788241
                 833            0.807262            0.801302         0.000787327
                 834            0.800056              0.8013         0.000786385
                 835            0.818394            0.801321         0.000785709
                 836            0.799139            0.801318         0.000784774
                 837            0.791312            0.801306         0.000783927
                 838            0.819276            0.801328         0.000783285
                 839            0.754679            0.801272         0.000784322
                 840             0.82641            0.801302         0.000783959
                 841            0.783559            0.801281         0.000783311
                 842            0.831658            0.801317         0.000783211
                 843            0.805913            0.801323         0.000782301
                 844            0.815212            0.801339         0.000781547
                 845            0.786778            0.801322         0.000780812
                 846            0.806393            0.801328         0.000779912
                 847            0.779699            0.801302         0.000779409
                 848            0.853885            0.801364         0.000780953
                 849            0.757783            0.801313         0.000781718
                 850            0.815758             0.80133         0.000780983
                 851            0.808658            0.801339         0.000780113
                 852            0.781115            0.801315         0.000779559
                 853            0.798537            0.801312         0.000778651
                 854            0.812687            0.801325         0.000777854
                 855            0.774787            0.801294         0.000777563
                 856            0.809743            0.801304         0.000776717
                 857            0.827827            0.801335         0.000776427
                 858            0.794975            0.801327         0.000775558
                 859            0.774588            0.801296         0.000775279
                 860            0.830227             0.80133         0.000775107
                 861            0.796054            0.801324         0.000774231
                 862            0.794063            0.801315         0.000773379
                 863            0.821484            0.801339         0.000772836
                 864            0.810257            0.801349          0.00077201
                 865            0.784361            0.801329         0.000771367
                 866            0.825672            0.801357         0.000770989
                 867            0.792543            0.801347         0.000770166
                 868            0.802276            0.801348          0.00076928
                 869            0.769102            0.801311         0.000769289
                 870            0.808269            0.801319         0.000768446
                 871              0.8361            0.801359         0.000768601
                 872            0.770458            0.801324         0.000768536
                 873            0.803314            0.801326         0.000767659
                 874            0.823809            0.801352         0.000767212
                 875            0.798684            0.801349         0.000766341
                 876            0.784124            0.801329         0.000765718
                 877             0.79483            0.801322         0.000764881
                 878            0.806655            0.801328         0.000764034
                 879            0.810465            0.801338         0.000763235
                 880            0.810728            0.801349         0.000762443
                 881            0.769976            0.801313         0.000762408
                 882            0.801187            0.801313         0.000761544
                 883            0.794157            0.801305         0.000760725
                 884            0.840121            0.801349          0.00076113
                 885            0.799268            0.801346         0.000760274
                 886            0.792798            0.801337         0.000759477
                 887            0.807823            0.801344         0.000758656
                 888            0.801324            0.801344         0.000757802
                 889            0.777417            0.801317         0.000757427
                 890            0.838568            0.801359         0.000757732
                 891            0.806451            0.801365         0.000756903
                 892            0.789974            0.801352         0.000756162
                 893            0.796772            0.801347         0.000755333
                 894            0.809346            0.801356         0.000754541
                 895            0.772283            0.801323         0.000754396
                 896            0.800311            0.801322         0.000753555
                 897            0.816965             0.80134         0.000752917
                 898            0.804211            0.801343         0.000752085
                 899            0.764848            0.801302         0.000752344
                 900            0.839647            0.801345         0.000752713
                 901            0.785847            0.801328         0.000752074
                 902            0.806364            0.801333         0.000751261
                 903            0.816936             0.80135         0.000750628
                 904             0.82334            0.801375         0.000750191
                 905            0.775588            0.801346         0.000749903
                 906            0.800987            0.801346         0.000749076
                 907            0.818216            0.801364         0.000748481
                 908            0.790302            0.801352         0.000747756
                 909             0.84034            0.801395         0.000748162
                 910            0.777217            0.801369         0.000747812
                 911             0.79572            0.801362         0.000747016
                 912             0.80152            0.801363         0.000746197
                 913            0.802913            0.801364         0.000745382
                 914            0.780446            0.801341         0.000744918
                 915            0.837156             0.80138         0.000745131
                 916             0.79186             0.80137          0.00074439
                 917            0.769979            0.801336         0.000744365
                 918            0.814826            0.801351         0.000743699
                 919            0.805234            0.801355         0.000742902
                 920            0.819931            0.801375         0.000742369
                 921            0.793434            0.801366         0.000741613
                 922            0.771639            0.801334         0.000741509
                 923            0.856632            0.801394         0.000743122
                 924            0.756731            0.801346         0.000743888
                 925            0.793949            0.801338         0.000743127
                 926            0.790349            0.801326         0.000742419
                 927            0.791356            0.801315         0.000741696
                 928            0.799669            0.801313         0.000740899
                 929             0.82536            0.801339         0.000740554
                 930            0.780531            0.801317         0.000740095
                 931            0.820178            0.801337         0.000739578
                 932            0.821983            0.801359         0.000739116
                 933            0.771023            0.801327         0.000739038
                 934            0.797774            0.801323         0.000738257
                 935            0.819464            0.801342         0.000737722
                 936            0.780223             0.80132         0.000737279
                 937            0.826863            0.801347         0.000736996
                 938            0.767873            0.801311         0.000737074
                 939            0.801263            0.801311         0.000736289
                 940            0.813648            0.801324         0.000735623
                 941            0.824241            0.801349         0.000735244
                 942            0.784158             0.80133          0.00073469
                 943            0.801986            0.801331         0.000733911
                 944            0.810119             0.80134         0.000733193
                 945            0.769344            0.801307         0.000733198
                 946            0.832764             0.80134         0.000733177
                 947            0.760591            0.801297         0.000733664
                 948            0.841489            0.801339         0.000734114
                 949            0.758254            0.801294         0.000734743
                 950            0.832951            0.801327         0.000734725
                 951             0.79615            0.801322         0.000733973
                 952            0.804818            0.801325         0.000733211
                 953            0.803679            0.801328         0.000732446
                 954            0.780132            0.801306         0.000732015
                 955            0.825123            0.801331         0.000731673
                 956            0.787689            0.801316         0.000731047
                 957            0.804619             0.80132         0.000730291
                 958            0.811645            0.801331         0.000729608
                 959             0.78659            0.801315         0.000729009
                 960            0.844327             0.80136         0.000729625
                 961            0.770828            0.801328         0.000729558
                 962            0.851833            0.801381         0.000730686
                 963             0.76508            0.801343         0.000730899
                 964            0.797679            0.801339          0.00073015
                 965            0.805748            0.801344         0.000729408
                 966            0.819933            0.801363         0.000728907
                 967            0.786702            0.801348         0.000728311
                 968            0.794877            0.801341         0.000727589
                 969            0.822169            0.801363         0.000727155
                 970            0.798357             0.80136         0.000726412
                 971            0.799231            0.801357         0.000725668
                 972            0.816181            0.801373         0.000725081
                 973            0.811244            0.801383         0.000724407
                 974            0.781239            0.801362         0.000723959
                 975             0.77291            0.801333         0.000723804
                 976            0.848017            0.801381         0.000724641
                 977            0.788885            0.801368         0.000724012
                 978            0.797788            0.801364         0.000723281
                 979             0.82718            0.801391         0.000723023
                 980            0.764821            0.801353         0.000723247
                 981            0.826717            0.801379         0.000722972
                 982            0.780559            0.801358         0.000722547
                 983            0.823888            0.801381         0.000722175
                 984            0.798665            0.801378         0.000721446
                 985            0.810651            0.801388         0.000720775
                 986            0.780189            0.801366         0.000720365
                 987            0.823476            0.801388         0.000719983
                 988            0.782191            0.801369         0.000719517
                 989            0.802729             0.80137         0.000718791
                 990            0.787433            0.801356         0.000718202
                 991            0.810988            0.801366         0.000717543
                 992            0.797668            0.801362          0.00071683
                 993             0.79458            0.801356          0.00071614
                 994            0.808466            0.801363         0.000715456
                 995            0.813803            0.801375         0.000714846
                 996            0.791533            0.801365         0.000714196
                 997            0.809833            0.801374         0.000713531
                 998            0.783126            0.801355          0.00071305
                 999            0.798974            0.801353          0.00071234
                1000            0.818279             0.80137         0.000711829
