                   1            -6.67128            -6.67128                   0
                   2            -6.53023            -6.60075           0.0498681
                   3            -6.70515            -6.63555           0.0437322
                   4            -6.71259            -6.65481           0.0367966
                   5            -6.60989            -6.64583           0.0305143
                   6            -6.62554            -6.64245           0.0256153
                   7            -6.74912            -6.65768           0.0260982
                   8            -6.61673            -6.65257           0.0233327
                   9            -6.67013            -6.65452           0.0208216
                  10            -6.62612            -6.65168           0.0189321
                  11            -6.68753            -6.65494           0.0174893
                  12            -6.61987            -6.65201           0.0162741
                  13            -6.65932            -6.65258           0.0150319
                  14            -6.65315            -6.65262           0.0139583
                  15            -6.65063            -6.65248           0.0130283
                  16            -6.67073            -6.65362           0.0122638
                  17            -6.63306            -6.65241            0.011602
                  18            -6.63529            -6.65146           0.0109963
                  19            -6.66306            -6.65207           0.0104345
                  20            -6.67351            -6.65315          0.00996768
                  21            -6.60679            -6.65094           0.0097344
                  22             -6.7135            -6.65378          0.00969835
                  23            -6.60716            -6.65175          0.00948613
                  24             -6.6354            -6.65107          0.00911532
                  25             -6.6704            -6.65185          0.00878344
                  26            -6.66508            -6.65236          0.00846035
                  27            -6.62102            -6.65119          0.00822621
                  28            -6.68804            -6.65251          0.00803698
                  29            -6.64928             -6.6524          0.00776062
                  30             -6.6029            -6.65075          0.00767532
                  31            -6.72469            -6.65313          0.00778949
                  32            -6.62299            -6.65219          0.00760282
                  33            -6.61634            -6.65111          0.00744964
                  34            -6.69779            -6.65248          0.00735598
                  35            -6.71161            -6.65417          0.00733728
                  36            -6.57636            -6.65201            0.007445
                  37            -6.62093            -6.65117          0.00729101
                  38            -6.71446            -6.65283          0.00728689
                  39            -6.67164            -6.65332            0.007116
                  40            -6.59989            -6.65198          0.00706231
                  41            -6.68013            -6.65267          0.00692334
                  42            -6.69195             -6.6536          0.00682139
                  43            -6.64618            -6.65343          0.00666494
                  44            -6.63312            -6.65297          0.00652942
                  45            -6.68603             -6.6537          0.00642554
                  46             -6.6373            -6.65335          0.00629573
                  47            -6.66292            -6.65355          0.00616508
                  48            -6.63079            -6.65308          0.00605485
                  49            -6.65248            -6.65306          0.00593129
                  50            -6.67298            -6.65346          0.00582602
                  51            -6.65739            -6.65354           0.0057123
                  52             -6.5879            -6.65228          0.00574023
                  53            -6.75642            -6.65424          0.00595878
                  54            -6.60528            -6.65333            0.005917
                  55            -6.63266            -6.65296          0.00582135
                  56            -6.65035            -6.65291          0.00571758
                  57            -6.70948             -6.6539          0.00570276
                  58            -6.60524            -6.65307          0.00566583
                  59            -6.65593            -6.65311             0.00557
                  60            -6.66058            -6.65324          0.00547856
                  61            -6.63794            -6.65299          0.00539448
                  62              -6.706            -6.65384           0.0053748
                  63            -6.60356            -6.65304          0.00534842
                  64            -6.73133            -6.65427          0.00540292
                  65            -6.58202            -6.65316          0.00543291
                  66            -6.66312            -6.65331          0.00535269
                  67            -6.69659            -6.65395          0.00531164
                  68            -6.63858            -6.65373          0.00523834
                  69             -6.6708            -6.65397          0.00516826
                  70            -6.62281            -6.65353          0.00511357
                  71            -6.66174            -6.65364          0.00504285
                  72            -6.67864            -6.65399          0.00498475
                  73            -6.66035            -6.65408          0.00491723
                  74            -6.63636            -6.65384          0.00485661
                  75            -6.64558            -6.65373           0.0047931
                  76            -6.66154            -6.65383          0.00473113
                  77            -6.65651            -6.65387          0.00466982
                  78            -6.67983             -6.6542           0.0046218
                  79            -6.60065            -6.65352          0.00461274
                  80            -6.71959            -6.65435          0.00462841
                  81            -6.58398            -6.65348          0.00465209
                  82            -6.67477            -6.65374           0.0046026
                  83            -6.65259            -6.65373          0.00454717
                  84            -6.68732            -6.65412          0.00451058
                  85            -6.60438            -6.65354          0.00449532
                  86             -6.6813            -6.65386          0.00445463
                  87            -6.62132            -6.65349           0.0044191
                  88            -6.64857            -6.65343          0.00436924
                  89            -6.67954            -6.65373          0.00432998
                  90            -6.63303             -6.6535          0.00428797
                  91            -6.72272            -6.65426           0.0043078
                  92             -6.5796            -6.65345          0.00433673
                  93            -6.73253             -6.6543          0.00437268
                  94            -6.63338            -6.65407          0.00433182
                  95             -6.6779            -6.65432          0.00429348
                  96            -6.67695            -6.65456          0.00425522
                  97            -6.63886             -6.6544          0.00421443
                  98            -6.67579            -6.65462          0.00417708
                  99            -6.64866            -6.65456          0.00413532
                 100            -6.62876             -6.6543            0.004102
                 101            -6.65015            -6.65426          0.00406159
                 102            -6.68259            -6.65453          0.00403126
                 103            -6.65231            -6.65451          0.00399218
                 104            -6.66365             -6.6546          0.00395476
                 105            -6.63729            -6.65444          0.00392053
                 106            -6.64767            -6.65437          0.00388406
                 107            -6.69896            -6.65479          0.00387005
                 108            -6.65864            -6.65482          0.00383438
                 109            -6.64102             -6.6547          0.00380129
                 110            -6.65611            -6.65471          0.00376676
                 111            -6.64409            -6.65462          0.00373404
                 112             -6.6834            -6.65487          0.00370953
                 113            -6.63078            -6.65466          0.00368283
                 114            -6.68141            -6.65489          0.00365799
                 115            -6.63721            -6.65474          0.00362941
                 116            -6.65236            -6.65472          0.00359818
                 117              -6.666            -6.65482          0.00356872
                 118            -6.69079            -6.65512          0.00355147
                 119            -6.59648            -6.65463          0.00355565
                 120            -6.64968            -6.65459          0.00352625
                 121            -6.66596            -6.65468          0.00349836
                 122            -6.59648             -6.6542          0.00350206
                 123            -6.69606            -6.65454          0.00349008
                 124            -6.70337            -6.65494          0.00348408
                 125             -6.6007             -6.6545          0.00348311
                 126            -6.62775            -6.65429          0.00346194
                 127            -6.66488            -6.65437          0.00343568
                 128            -6.69941            -6.65473           0.0034268
                 129            -6.61655            -6.65443            0.003413
                 130            -6.65741            -6.65445          0.00338682
                 131            -6.69006            -6.65473          0.00337185
                 132            -6.66418             -6.6548          0.00334707
                 133              -6.591            -6.65432           0.0033561
                 134            -6.69531            -6.65462          0.00334497
                 135            -6.62731            -6.65442           0.0033263
                 136            -6.65829            -6.65445          0.00330196
                 137             -6.6528            -6.65444          0.00327788
                 138            -6.64295            -6.65435          0.00325519
                 139            -6.67703            -6.65452          0.00323585
                 140            -6.68791            -6.65476          0.00322152
                 141            -6.61928             -6.6545          0.00320848
                 142            -6.68526            -6.65472          0.00319319
                 143            -6.62401            -6.65451          0.00317807
                 144            -6.69027            -6.65475          0.00316569
                 145            -6.63809            -6.65464          0.00314594
                 146            -6.67437            -6.65477           0.0031273
                 147            -6.66006            -6.65481          0.00310623
                 148            -6.67254            -6.65493          0.00308755
                 149            -6.58599            -6.65447           0.0031013
                 150            -6.68141            -6.65465          0.00308582
                 151            -6.68247            -6.65483          0.00307088
                 152            -6.60253            -6.65449          0.00306989
                 153            -6.65739            -6.65451          0.00304989
                 154            -6.64365            -6.65444           0.0030309
                 155            -6.65694            -6.65445          0.00301139
                 156            -6.63832            -6.65435          0.00299386
                 157            -6.64635             -6.6543          0.00297522
                 158            -6.68062            -6.65446          0.00296105
                 159            -6.66011             -6.6545          0.00294264
                 160            -6.65369            -6.65449          0.00292426
                 161            -6.66744            -6.65458           0.0029072
                 162            -6.63531            -6.65446          0.00289168
                 163            -6.70533            -6.65477          0.00289074
                 164            -6.61352            -6.65452          0.00288404
                 165            -6.64196            -6.65444          0.00286756
                 166             -6.6773            -6.65458          0.00285359
                 167             -6.6353            -6.65446          0.00283884
                 168            -6.69855            -6.65473          0.00283404
                 169             -6.6194            -6.65452          0.00282497
                 170            -6.67374            -6.65463          0.00281062
                 171            -6.66379            -6.65468          0.00279469
                 172             -6.6401             -6.6546          0.00277973
                 173             -6.6349            -6.65448          0.00276599
                 174            -6.65918            -6.65451          0.00275023
                 175            -6.67278            -6.65462          0.00273649
                 176            -6.69755            -6.65486           0.0027318
                 177             -6.6322            -6.65473          0.00271936
                 178             -6.6378            -6.65464          0.00270575
                 179            -6.65705            -6.65465          0.00269066
                 180            -6.62154            -6.65447            0.002682
                 181            -6.67513            -6.65458          0.00266961
                 182            -6.71341             -6.6549          0.00267444
                 183            -6.62859            -6.65476          0.00266369
                 184            -6.63885            -6.65467          0.00265061
                 185            -6.68519            -6.65484          0.00264141
                 186            -6.66544             -6.6549          0.00262783
                 187              -6.613            -6.65467          0.00262331
                 188            -6.68465            -6.65483           0.0026142
                 189            -6.63679            -6.65474          0.00260211
                 190            -6.67555            -6.65484          0.00259072
                 191            -6.64632             -6.6548          0.00257754
                 192            -6.67296            -6.65489          0.00256585
                 193            -6.63617             -6.6548          0.00255439
                 194            -6.69066            -6.65498           0.0025479
                 195             -6.5988            -6.65469          0.00255107
                 196              -6.629            -6.65456          0.00254142
                 197            -6.71137            -6.65485          0.00254483
                 198            -6.63117            -6.65473          0.00253479
                 199             -6.6697            -6.65481          0.00252317
                 200            -6.67742            -6.65492          0.00251308
                 201            -6.65567            -6.65492          0.00250058
                 202            -6.62828            -6.65479          0.00249168
                 203            -6.65897            -6.65481          0.00247949
                 204            -6.61792            -6.65463          0.00247392
                 205            -6.68918             -6.6548          0.00246758
                 206            -6.64202            -6.65474          0.00245639
                 207            -6.68117            -6.65487          0.00244783
                 208            -6.65032            -6.65484          0.00243616
                 209            -6.62411             -6.6547          0.00242894
                 210            -6.67221            -6.65478          0.00241881
                 211            -6.65227            -6.65477          0.00240737
                 212            -6.66937            -6.65484            0.002397
                 213            -6.64488            -6.65479           0.0023862
                 214            -6.71823            -6.65509          0.00239339
                 215            -6.52167            -6.65447          0.00246139
                 216            -6.74696            -6.65489          0.00248696
                 217            -6.62593            -6.65476          0.00247908
                 218            -6.63355            -6.65466          0.00246962
                 219            -6.70087            -6.65488          0.00246734
                 220            -6.65537            -6.65488          0.00245612
                 221            -6.63642            -6.65479          0.00244643
                 222            -6.64279            -6.65474          0.00243601
                 223            -6.70055            -6.65495          0.00243373
                 224            -6.60889            -6.65474          0.00243153
                 225            -6.67372            -6.65482          0.00242219
                 226            -6.69458              -6.655          0.00241785
                 227            -6.59503            -6.65474          0.00242159
                 228            -6.72273            -6.65503          0.00242926
                 229            -6.65301            -6.65503          0.00241867
                 230            -6.66138            -6.65505          0.00240831
                 231            -6.64765            -6.65502           0.0023981
                 232            -6.67024            -6.65509          0.00238866
                 233            -6.61954            -6.65493          0.00238328
                 234            -6.67745            -6.65503          0.00237503
                 235            -6.66935            -6.65509          0.00236571
                 236            -6.61662            -6.65493          0.00236129
                 237            -6.67155              -6.655          0.00235237
                 238            -6.66665            -6.65505            0.002343
                 239             -6.6498            -6.65502           0.0023333
                 240            -6.66728            -6.65508          0.00232413
                 241            -6.68596             -6.6552          0.00231802
                 242            -6.65744            -6.65521          0.00230846
                 243            -6.65499            -6.65521          0.00229896
                 244            -6.66749            -6.65526          0.00229009
                 245            -6.64689            -6.65523          0.00228099
                 246            -6.61268            -6.65506          0.00227827
                 247            -6.68966             -6.6552          0.00227335
                 248            -6.65194            -6.65518          0.00226422
                 249            -6.64857            -6.65516          0.00225528
                 250            -6.66045            -6.65518          0.00224636
                 251            -6.65976             -6.6552          0.00223749
                 252            -6.66922            -6.65525           0.0022293
                 253            -6.67716            -6.65534          0.00222217
                 254            -6.69305            -6.65549          0.00221838
                 255              -6.557             -6.6551          0.00224305
                 256              -6.692            -6.65524          0.00223891
                 257            -6.61883             -6.6551          0.00223468
                 258            -6.69637            -6.65526          0.00223173
                 259            -6.59095            -6.65501          0.00223689
                 260            -6.66372            -6.65505          0.00222854
                 261            -6.65646            -6.65505             0.00222
                 262            -6.68179            -6.65516          0.00221387
                 263            -6.65114            -6.65514          0.00220551
                 264             -6.6365            -6.65507          0.00219828
                 265            -6.64055            -6.65501          0.00219067
                 266            -6.65949            -6.65503           0.0021825
                 267            -6.62142            -6.65491          0.00217795
                 268            -6.72686            -6.65517          0.00218632
                 269            -6.62854            -6.65507          0.00218043
                 270            -6.59095            -6.65484          0.00218525
                 271            -6.68217            -6.65494          0.00217951
                 272            -6.71676            -6.65517          0.00218332
                 273            -6.60211            -6.65497          0.00218395
                 274            -6.65834            -6.65498          0.00217601
                 275            -6.71313            -6.65519          0.00217835
                 276            -6.63283            -6.65511          0.00217197
                 277            -6.63451            -6.65504           0.0021654
                 278            -6.70397            -6.65522          0.00216475
                 279             -6.6611            -6.65524          0.00215709
                 280            -6.59759            -6.65503          0.00215919
                 281            -6.64063            -6.65498          0.00215211
                 282             -6.6893             -6.6551          0.00214792
                 283            -6.69783            -6.65525          0.00214563
                 284            -6.62632            -6.65515          0.00214049
                 285            -6.63344            -6.65507          0.00213434
                 286            -6.68604            -6.65518          0.00212962
                 287            -6.63677            -6.65512          0.00212317
                 288            -6.68874            -6.65523            0.002119
                 289            -6.62036            -6.65511           0.0021151
                 290            -6.69582            -6.65525          0.00211246
                 291            -6.61538            -6.65512          0.00210964
                 292            -6.67056            -6.65517          0.00210308
                 293            -6.62204            -6.65506          0.00209894
                 294            -6.70859            -6.65524          0.00209968
                 295            -6.68534            -6.65534          0.00209504
                 296            -6.58611            -6.65511          0.00210098
                 297            -6.67503            -6.65517          0.00209498
                 298            -6.70575            -6.65534          0.00209481
                 299            -6.61959            -6.65522          0.00209121
                 300            -6.67609            -6.65529           0.0020854
                 301             -6.6109            -6.65515          0.00208368
                 302            -6.64252            -6.65511           0.0020772
                 303            -6.70163            -6.65526          0.00207601
                 304            -6.66591            -6.65529          0.00206948
                 305            -6.63725            -6.65523          0.00206354
                 306            -6.65771            -6.65524          0.00205681
                 307            -6.64341             -6.6552          0.00205047
                 308            -6.63944            -6.65515          0.00204445
                 309            -6.64363            -6.65512          0.00203818
                 310            -6.60119            -6.65494          0.00203901
                 311            -6.69065            -6.65506          0.00203568
                 312            -6.66599            -6.65509          0.00202946
                 313            -6.66117            -6.65511          0.00202307
                 314            -6.66301            -6.65514          0.00201678
                 315            -6.63733            -6.65508          0.00201117
                 316            -6.64912            -6.65506           0.0020049
                 317            -6.62583            -6.65497          0.00200069
                 318            -6.69419            -6.65509           0.0019982
                 319            -6.60554            -6.65494          0.00199796
                 320            -6.68604            -6.65503          0.00199408
                 321            -6.63494            -6.65497          0.00198885
                 322            -6.66587              -6.655          0.00198296
                 323            -6.67837            -6.65508          0.00197814
                 324            -6.66804            -6.65512          0.00197244
                 325            -6.65291            -6.65511          0.00196638
                 326            -6.64376            -6.65508          0.00196066
                 327            -6.69428             -6.6552          0.00195833
                 328            -6.63952            -6.65515          0.00195294
                 329            -6.65281            -6.65514          0.00194702
                 330            -6.64148             -6.6551          0.00194156
                 331            -6.64706            -6.65507          0.00193584
                 332            -6.67733            -6.65514          0.00193117
                 333            -6.65561            -6.65514          0.00192537
                 334            -6.61573            -6.65503          0.00192322
                 335            -6.71853            -6.65521           0.0019268
                 336            -6.58607            -6.65501          0.00193203
                 337            -6.65519            -6.65501          0.00192629
                 338            -6.69575            -6.65513          0.00192436
                 339            -6.67436            -6.65519          0.00191952
                 340            -6.56704            -6.65493           0.0019313
                 341            -6.67003            -6.65497          0.00192615
                 342            -6.70006             -6.6551          0.00192502
                 343            -6.61951              -6.655           0.0019222
                 344            -6.68766             -6.6551          0.00191896
                 345            -6.63524            -6.65504          0.00191426
                 346            -6.65716            -6.65504          0.00190874
                 347             -6.6748             -6.6551          0.00190409
                 348            -6.64825            -6.65508          0.00189872
                 349            -6.66522            -6.65511           0.0018935
                 350              -6.636            -6.65506          0.00188887
                 351            -6.65408            -6.65505           0.0018835
                 352            -6.68247            -6.65513          0.00187975
                 353            -6.67399            -6.65518          0.00187519
                 354            -6.65535            -6.65518          0.00186989
                 355            -6.66406            -6.65521          0.00186479
                 356            -6.61752             -6.6551          0.00186256
                 357            -6.67272            -6.65515          0.00185799
                 358            -6.68137            -6.65523          0.00185425
                 359            -6.61944            -6.65513          0.00185176
                 360             -6.6363            -6.65507          0.00184735
                 361            -6.70786            -6.65522          0.00184801
                 362            -6.61971            -6.65512          0.00184551
                 363            -6.62714            -6.65505          0.00184203
                 364            -6.70333            -6.65518          0.00184174
                 365            -6.64832            -6.65516          0.00183679
                 366            -6.63621            -6.65511           0.0018325
                 367            -6.65265             -6.6551          0.00182752
                 368            -6.66269            -6.65512          0.00182267
                 369            -6.69663            -6.65523           0.0018212
                 370            -6.62852            -6.65516          0.00181771
                 371            -6.66747            -6.65519          0.00181311
                 372            -6.69404             -6.6553          0.00181124
                 373            -6.60932            -6.65518          0.00181058
                 374            -6.62908            -6.65511          0.00180708
                 375            -6.70289            -6.65523          0.00180675
                 376            -6.64491            -6.65521          0.00180215
                 377             -6.6317            -6.65514          0.00179845
                 378            -6.72193            -6.65532          0.00180235
                 379            -6.62921            -6.65525          0.00179891
                 380            -6.68995            -6.65534          0.00179649
                 381             -6.6227            -6.65526          0.00179382
                 382            -6.67102             -6.6553           0.0017896
                 383            -6.60471            -6.65517          0.00178979
                 384            -6.72738            -6.65535          0.00179499
                 385             -6.6482            -6.65534          0.00179042
                 386            -6.59622            -6.65518          0.00179232
                 387            -6.72235            -6.65536          0.00179607
                 388            -6.62221            -6.65527          0.00179347
                 389            -6.65438            -6.65527          0.00178886
                 390            -6.61685            -6.65517          0.00178699
                 391            -6.70477             -6.6553          0.00178691
                 392             -6.5775             -6.6551          0.00179334
                 393            -6.68804            -6.65518          0.00179074
                 394             -6.6594            -6.65519          0.00178622
                 395             -6.6844            -6.65527          0.00178323
                 396            -6.62194            -6.65518          0.00178071
                 397            -6.69381            -6.65528          0.00177888
                 398            -6.64021            -6.65524          0.00177482
                 399            -6.64786            -6.65522          0.00177047
                 400            -6.61716            -6.65513           0.0017686
                 401            -6.73789            -6.65533          0.00177618
                 402            -6.60772            -6.65522          0.00177571
                 403            -6.64252            -6.65518          0.00177159
                 404            -6.69184            -6.65528          0.00176952
                 405            -6.65784            -6.65528          0.00176516
                 406            -6.67322            -6.65533          0.00176137
                 407            -6.64927            -6.65531           0.0017571
                 408            -6.66326            -6.65533          0.00175291
                 409            -6.63791            -6.65529          0.00174914
                 410            -6.64683            -6.65527          0.00174499
                 411            -6.64904            -6.65525          0.00174081
                 412            -6.70286            -6.65537          0.00174042
                 413            -6.64576            -6.65534          0.00173636
                 414            -6.64468            -6.65532          0.00173236
                 415            -6.65268            -6.65531          0.00172819
                 416              -6.636            -6.65527          0.00172466
                 417            -6.71367            -6.65541          0.00172621
                 418            -6.64832            -6.65539          0.00172216
                 419              -6.631            -6.65533          0.00171903
                 420             -6.6459            -6.65531          0.00171509
                 421             -6.7055            -6.65543          0.00171515
                 422            -6.64956            -6.65541          0.00171114
                 423            -6.61051            -6.65531          0.00171039
                 424            -6.72635            -6.65548          0.00171454
                 425            -6.57893            -6.65529          0.00171994
                 426            -6.70859            -6.65542          0.00172045
                 427            -6.64141            -6.65539          0.00171673
                 428             -6.6395            -6.65535          0.00171312
                 429            -6.71514            -6.65549          0.00171479
                 430            -6.58883            -6.65533          0.00171779
                 431            -6.69088            -6.65542          0.00171579
                 432            -6.62299            -6.65534          0.00171345
                 433            -6.65995            -6.65535          0.00170953
                 434            -6.62538            -6.65528          0.00170699
                 435            -6.66915            -6.65532          0.00170336
                 436            -6.67228            -6.65535           0.0016999
                 437            -6.63983            -6.65532          0.00169638
                 438            -6.67558            -6.65537          0.00169314
                 439            -6.63384            -6.65532          0.00168999
                 440             -6.6516            -6.65531          0.00168617
                 441             -6.6399            -6.65527          0.00168271
                 442            -6.69737            -6.65537          0.00168159
                 443            -6.63569            -6.65532          0.00167838
                 444            -6.70457            -6.65543          0.00167827
                 445            -6.57615            -6.65526          0.00168392
                 446              -6.669            -6.65529          0.00168043
                 447            -6.61186            -6.65519          0.00167948
                 448            -6.72007            -6.65533          0.00168196
                 449            -6.59228            -6.65519          0.00168407
                 450            -6.69554            -6.65528          0.00168271
                 451            -6.64755            -6.65527          0.00167907
                 452            -6.67503            -6.65531          0.00167592
                 453            -6.62008            -6.65523          0.00167402
                 454            -6.68038            -6.65529          0.00167125
                 455            -6.62457            -6.65522          0.00166894
                 456            -6.69827            -6.65531          0.00166795
                 457            -6.61938            -6.65524          0.00166615
                 458            -6.62487            -6.65517          0.00166384
                 459            -6.70328            -6.65527          0.00166351
                 460            -6.65703            -6.65528           0.0016599
                 461            -6.60357            -6.65517          0.00166008
                 462             -6.6579            -6.65517           0.0016565
                 463            -6.67834            -6.65522          0.00165368
                 464            -6.65383            -6.65522          0.00165012
                 465            -6.65107            -6.65521          0.00164659
                 466            -6.63433            -6.65517          0.00164367
                 467            -6.70107            -6.65526          0.00164308
                 468            -6.59571            -6.65514          0.00164449
                 469            -6.63751             -6.6551          0.00164142
                 470            -6.70534            -6.65521           0.0016414
                 471            -6.61732            -6.65513          0.00163989
                 472            -6.68541            -6.65519          0.00163767
                 473            -6.65214            -6.65518          0.00163422
                 474             -6.5855            -6.65504          0.00163737
                 475            -6.68364             -6.6551          0.00163503
                 476            -6.67618            -6.65514          0.00163219
                 477            -6.59954            -6.65502          0.00163293
                 478            -6.62724            -6.65497          0.00163055
                 479            -6.71974             -6.6551          0.00163274
                 480            -6.62368            -6.65504          0.00163065
                 481            -6.67581            -6.65508          0.00162783
                 482            -6.62157            -6.65501          0.00162594
                 483            -6.66449            -6.65503          0.00162269
                 484            -6.71779            -6.65516          0.00162451
                 485             -6.6307            -6.65511          0.00162194
                 486            -6.62819            -6.65505          0.00161955
                 487            -6.70204            -6.65515           0.0016191
                 488            -6.65881            -6.65516           0.0016158
                 489            -6.60994            -6.65506          0.00161514
                 490            -6.67384             -6.6551           0.0016123
                 491            -6.65553             -6.6551          0.00160901
                 492            -6.66986            -6.65513          0.00160602
                 493            -6.61243            -6.65505           0.0016051
                 494            -6.74315            -6.65523          0.00161173
                 495            -6.60257            -6.65512          0.00161198
                 496            -6.65895            -6.65513          0.00160875
                 497             -6.6599            -6.65514          0.00160554
                 498              -6.667            -6.65516          0.00160249
                 499            -6.64852            -6.65515          0.00159933
                 500            -6.69115            -6.65522          0.00159775
                 501            -6.62643            -6.65516           0.0015956
                 502            -6.69206            -6.65524          0.00159411
                 503            -6.63183            -6.65519          0.00159162
                 504            -6.68065            -6.65524          0.00158927
                 505            -6.62458            -6.65518          0.00158728
                 506            -6.66102            -6.65519          0.00158418
                 507            -6.69447            -6.65527          0.00158295
                 508            -6.62659            -6.65521          0.00158084
                 509            -6.63581            -6.65517           0.0015782
                 510            -6.71178            -6.65528            0.001579
                 511            -6.62979            -6.65523           0.0015767
                 512            -6.64309            -6.65521           0.0015738
                 513            -6.64774             -6.6552           0.0015708
                 514            -6.73567            -6.65535          0.00157552
                 515            -6.58253            -6.65521           0.0015788
                 516            -6.65178             -6.6552          0.00157575
                 517            -6.67054            -6.65523          0.00157298
                 518            -6.67715            -6.65528          0.00157051
                 519            -6.61462             -6.6552          0.00156944
                 520              -6.669            -6.65522          0.00156665
                 521            -6.67984            -6.65527          0.00156435
                 522            -6.67502            -6.65531          0.00156181
                 523            -6.65815            -6.65531          0.00155884
                 524            -6.61459            -6.65524           0.0015578
                 525            -6.70674            -6.65534          0.00155791
                 526            -6.63053            -6.65529          0.00155567
                 527            -6.65743            -6.65529          0.00155272
                 528            -6.67322            -6.65533          0.00155015
                 529            -6.61695            -6.65525          0.00154892
                 530            -6.64352            -6.65523          0.00154615
                 531            -6.61648            -6.65516          0.00154496
                 532            -6.70291            -6.65525          0.00154466
                 533            -6.62513            -6.65519           0.0015428
                 534            -6.65779             -6.6552          0.00153992
                 535            -6.68967            -6.65526          0.00153839
                 536            -6.62315             -6.6552          0.00153668
                 537            -6.67882            -6.65525          0.00153445
                 538            -6.62874             -6.6552          0.00153239
                 539             -6.6582             -6.6552          0.00152955
                 540            -6.67775            -6.65524          0.00152729
                 541            -6.62714            -6.65519          0.00152535
                 542            -6.67109            -6.65522          0.00152282
                 543             -6.6781            -6.65526           0.0015206
                 544            -6.63508            -6.65523          0.00151826
                 545             -6.6246            -6.65517          0.00151651
                 546            -6.68541            -6.65522          0.00151474
                 547            -6.72802            -6.65536          0.00151781
                 548            -6.60196            -6.65526          0.00151816
                 549             -6.6583            -6.65527          0.00151541
                 550            -6.66852            -6.65529          0.00151284
                 551            -6.64828            -6.65528          0.00151015
                 552            -6.68853            -6.65534          0.00150862
                 553            -6.63514             -6.6553          0.00150633
                 554             -6.6673            -6.65532          0.00150377
                 555            -6.59205            -6.65521          0.00150537
                 556            -6.73419            -6.65535          0.00150935
                 557            -6.60133            -6.65525          0.00150976
                 558            -6.71353            -6.65536          0.00151066
                 559            -6.62335             -6.6553          0.00150904
                 560            -6.67081            -6.65533           0.0015066
                 561            -6.67977            -6.65537          0.00150455
                 562            -6.62094            -6.65531          0.00150311
                 563            -6.64864             -6.6553          0.00150049
                 564             -6.6666            -6.65532          0.00149796
                 565            -6.60785            -6.65524          0.00149767
                 566            -6.66716            -6.65526          0.00149517
                 567            -6.69883            -6.65533          0.00149451
                 568            -6.64683            -6.65532          0.00149195
                 569            -6.62981            -6.65527             0.00149
                 570            -6.63822            -6.65524          0.00148769
                 571            -6.66134            -6.65525          0.00148512
                 572            -6.63207            -6.65521          0.00148308
                 573            -6.66606            -6.65523          0.00148061
                 574            -6.68046            -6.65528          0.00147868
                 575            -6.65809            -6.65528          0.00147612
                 576            -6.61562            -6.65521          0.00147516
                 577            -6.68132            -6.65526           0.0014733
                 578            -6.63703            -6.65523          0.00147109
                 579            -6.67308            -6.65526          0.00146887
                 580            -6.64484            -6.65524          0.00146645
                 581            -6.66446            -6.65525          0.00146401
                 582            -6.64817            -6.65524          0.00146154
                 583            -6.64946            -6.65523          0.00145907
                 584             -6.6849            -6.65528          0.00145746
                 585            -6.65443            -6.65528          0.00145497
                 586            -6.65222            -6.65528          0.00145249
                 587            -6.61053             -6.6552          0.00145202
                 588            -6.66494            -6.65522          0.00144964
                 589            -6.69497            -6.65528          0.00144875
                 590            -6.66897            -6.65531          0.00144648
                 591            -6.56958            -6.65516          0.00145129
                 592            -6.67517             -6.6552          0.00144923
                 593            -6.67976            -6.65524          0.00144738
                 594            -6.62146            -6.65518          0.00144606
                 595             -6.6711            -6.65521          0.00144388
                 596            -6.68981            -6.65527          0.00144262
                 597            -6.60025            -6.65517          0.00144314
                 598            -6.67792            -6.65521          0.00144123
                 599            -6.64254            -6.65519          0.00143898
                 600              -6.667            -6.65521          0.00143672
                 601             -6.6578            -6.65521          0.00143433
                 602            -6.63327            -6.65518          0.00143241
                 603              -6.656            -6.65518          0.00143004
                 604            -6.64027            -6.65515          0.00142788
                 605            -6.68317             -6.6552          0.00142627
                 606            -6.62502            -6.65515          0.00142479
                 607            -6.60802            -6.65507          0.00142456
                 608            -6.69312            -6.65514          0.00142359
                 609             -6.6703            -6.65516          0.00142147
                 610            -6.64314            -6.65514          0.00141927
                 611            -6.62349            -6.65509           0.0014179
                 612            -6.70202            -6.65517          0.00141765
                 613            -6.60459            -6.65508          0.00141774
                 614            -6.69756            -6.65515          0.00141712
                 615            -6.61276            -6.65508          0.00141649
                 616            -6.65873            -6.65509           0.0014142
                 617            -6.66411             -6.6551          0.00141198
                 618            -6.63448            -6.65507          0.00141009
                 619            -6.67608            -6.65511          0.00140822
                 620            -6.62112            -6.65505          0.00140702
                 621            -6.70692            -6.65513          0.00140723
                 622            -6.60629            -6.65506          0.00140716
                 623            -6.66474            -6.65507          0.00140498
                 624            -6.68875            -6.65512          0.00140377
                 625            -6.58599            -6.65501          0.00140587
                 626            -6.70386            -6.65509          0.00140579
                 627            -6.65491            -6.65509          0.00140355
                 628            -6.65405            -6.65509          0.00140132
                 629            -6.65893             -6.6551           0.0013991
                 630            -6.63333            -6.65506          0.00139731
                 631            -6.61319              -6.655          0.00139667
                 632            -6.73159            -6.65512          0.00139971
                 633            -6.61358            -6.65505          0.00139903
                 634            -6.63747            -6.65502           0.0013971
                 635             -6.6836            -6.65507          0.00139562
                 636            -6.64583            -6.65505          0.00139351
                 637            -6.65369            -6.65505          0.00139132
                 638            -6.71141            -6.65514          0.00139194
                 639            -6.62936             -6.6551          0.00139035
                 640               -6.65            -6.65509           0.0013882
                 641            -6.61697            -6.65503           0.0013873
                 642            -6.67489            -6.65506          0.00138549
                 643            -6.65554            -6.65506          0.00138333
                 644            -6.67253            -6.65509          0.00138145
                 645            -6.64537            -6.65508          0.00137939
                 646            -6.66335            -6.65509          0.00137732
                 647            -6.66093             -6.6551          0.00137522
                 648             -6.6832            -6.65514          0.00137378
                 649            -6.59318            -6.65505          0.00137498
                 650            -6.68298            -6.65509          0.00137353
                 651            -6.62493            -6.65504           0.0013722
                 652             -6.6622            -6.65505          0.00137014
                 653             -6.6901            -6.65511          0.00136909
                 654            -6.61904            -6.65505          0.00136811
                 655            -6.63652            -6.65502          0.00136632
                 656             -6.6857            -6.65507          0.00136503
                 657            -6.64037            -6.65505          0.00136314
                 658            -6.64814            -6.65504          0.00136111
                 659            -6.66207            -6.65505          0.00135908
                 660            -6.63233            -6.65501          0.00135746
                 661             -6.7018            -6.65508          0.00135725
                 662            -6.63033            -6.65505          0.00135571
                 663            -6.64917            -6.65504           0.0013537
                 664            -6.66114            -6.65505          0.00135169
                 665            -6.62907            -6.65501          0.00135022
                 666            -6.73404            -6.65513           0.0013534
                 667            -6.63356            -6.65509          0.00135176
                 668            -6.66659            -6.65511          0.00134984
                 669             -6.6542            -6.65511          0.00134783
                 670            -6.59693            -6.65502          0.00134861
                 671            -6.71158            -6.65511          0.00134923
                 672             -6.5933            -6.65502          0.00135035
                 673            -6.65283            -6.65501          0.00134835
                 674            -6.66896            -6.65503          0.00134651
                 675            -6.65612            -6.65504          0.00134452
                 676            -6.62251            -6.65499          0.00134339
                 677            -6.65945            -6.65499          0.00134142
                 678            -6.65386            -6.65499          0.00133944
                 679            -6.64934            -6.65498           0.0013375
                 680            -6.69112            -6.65504          0.00133658
                 681            -6.60745            -6.65497          0.00133645
                 682            -6.67908              -6.655          0.00133495
                 683            -6.67859            -6.65504          0.00133345
                 684            -6.65575            -6.65504           0.0013315
                 685             -6.6336            -6.65501          0.00132992
                 686            -6.63897            -6.65498          0.00132819
                 687            -6.66856              -6.655           0.0013264
                 688            -6.66098            -6.65501           0.0013245
                 689            -6.65401            -6.65501          0.00132258
                 690            -6.64469              -6.655          0.00132075
                 691            -6.63907            -6.65497          0.00131904
                 692            -6.69345            -6.65503           0.0013183
                 693             -6.5861            -6.65493          0.00132015
                 694            -6.71204            -6.65501          0.00132081
                 695            -6.64777              -6.655          0.00131895
                 696            -6.62295            -6.65495          0.00131786
                 697            -6.68307            -6.65499          0.00131659
                 698            -6.64312            -6.65498          0.00131481
                 699            -6.65364            -6.65498          0.00131293
                 700             -6.6526            -6.65497          0.00131106
                 701            -6.64983            -6.65496          0.00130921
                 702            -6.62359            -6.65492          0.00130811
                 703            -6.67984            -6.65496          0.00130673
                 704             -6.6838              -6.655          0.00130551
                 705            -6.65081            -6.65499          0.00130367
                 706            -6.63826            -6.65497          0.00130204
                 707            -6.66699            -6.65498          0.00130031
                 708            -6.64232            -6.65497           0.0012986
                 709             -6.6799              -6.655          0.00129724
                 710            -6.65699              -6.655          0.00129542
                 711            -6.62519            -6.65496          0.00129428
                 712            -6.68293              -6.655          0.00129305
                 713            -6.67309            -6.65503          0.00129149
                 714            -6.59329            -6.65494          0.00129257
                 715            -6.67696            -6.65497          0.00129113
                 716            -6.66908            -6.65499          0.00128948
                 717            -6.61673            -6.65494          0.00128878
                 718            -6.61363            -6.65488          0.00128827
                 719            -6.64108            -6.65486          0.00128662
                 720            -6.67696            -6.65489           0.0012852
                 721            -6.67781            -6.65492          0.00128381
                 722            -6.59634            -6.65484           0.0012846
                 723            -6.67619            -6.65487          0.00128316
                 724            -6.70165            -6.65494          0.00128301
                 725            -6.57749            -6.65483          0.00128568
                 726            -6.71131            -6.65491          0.00128626
                 727            -6.64657             -6.6549          0.00128454
                 728            -6.66022             -6.6549           0.0012828
                 729            -6.66088            -6.65491          0.00128107
                 730            -6.61158            -6.65485          0.00128069
                 731            -6.68135            -6.65489          0.00127945
                 732            -6.62947            -6.65485          0.00127817
                 733             -6.6931            -6.65491          0.00127749
                 734            -6.62838            -6.65487          0.00127626
                 735            -6.67733             -6.6549          0.00127489
                 736            -6.63765            -6.65488          0.00127338
                 737            -6.68334            -6.65491          0.00127223
                 738            -6.66931            -6.65493          0.00127066
                 739            -6.64409            -6.65492          0.00126902
                 740            -6.66675            -6.65494          0.00126741
                 741            -6.64695            -6.65493          0.00126575
                 742            -6.69431            -6.65498          0.00126515
                 743            -6.63334            -6.65495          0.00126378
                 744            -6.64567            -6.65494          0.00126215
                 745            -6.68551            -6.65498          0.00126112
                 746            -6.66109            -6.65499          0.00125946
                 747            -6.62054            -6.65494          0.00125861
                 748            -6.72375            -6.65503          0.00126029
                 749            -6.57269            -6.65492          0.00126339
                 750             -6.6975            -6.65498          0.00126298
                 751            -6.63718            -6.65495          0.00126152
                 752            -6.67906            -6.65499          0.00126025
                 753            -6.59573            -6.65491          0.00126103
                 754            -6.64962             -6.6549          0.00125938
                 755            -6.65624             -6.6549          0.00125771
                 756            -6.64884            -6.65489          0.00125608
                 757            -6.69294            -6.65495          0.00125542
                 758            -6.59737            -6.65487          0.00125606
                 759            -6.67555             -6.6549           0.0012547
                 760            -6.71396            -6.65497          0.00125546
                 761            -6.56566            -6.65486          0.00125928
                 762            -6.68942             -6.6549          0.00125844
                 763            -6.63974            -6.65488          0.00125695
                 764            -6.66632             -6.6549          0.00125539
                 765            -6.67908            -6.65493          0.00125415
                 766            -6.63558             -6.6549          0.00125277
                 767            -6.62509            -6.65486          0.00125174
                 768            -6.66153            -6.65487          0.00125014
                 769            -6.69322            -6.65492          0.00124951
                 770            -6.60415            -6.65486          0.00124962
                 771            -6.68878             -6.6549          0.00124878
                 772            -6.67225            -6.65492          0.00124736
                 773            -6.58907            -6.65484          0.00124865
                 774            -6.69453            -6.65489          0.00124809
                 775             -6.6475            -6.65488          0.00124652
                 776            -6.68254            -6.65492          0.00124542
                 777            -6.63886             -6.6549          0.00124399
                 778            -6.59104            -6.65481           0.0012451
                 779            -6.68552            -6.65485          0.00124412
                 780             -6.6719            -6.65487          0.00124272
                 781            -6.67175             -6.6549          0.00124132
                 782            -6.64978            -6.65489          0.00123975
                 783             -6.6273            -6.65485          0.00123866
                 784            -6.66251            -6.65486          0.00123712
                 785            -6.59617            -6.65479           0.0012378
                 786             -6.7134            -6.65486          0.00123847
                 787            -6.64437            -6.65485          0.00123697
                 788            -6.72306            -6.65494          0.00123843
                 789             -6.5722            -6.65483          0.00124129
                 790            -6.67169            -6.65485           0.0012399
                 791            -6.67289            -6.65488          0.00123854
                 792            -6.67057             -6.6549          0.00123714
                 793            -6.61156            -6.65484          0.00123678
                 794            -6.68309            -6.65488          0.00123574
                 795            -6.63669            -6.65485           0.0012344
                 796            -6.65333            -6.65485          0.00123285
                 797            -6.69127             -6.6549          0.00123215
                 798             -6.6537             -6.6549           0.0012306
                 799            -6.66416            -6.65491          0.00122912
                 800            -6.63189            -6.65488          0.00122792
                 801            -6.67792            -6.65491          0.00122672
                 802             -6.6244            -6.65487          0.00122578
                 803            -6.66361            -6.65488           0.0012243
                 804            -6.64513            -6.65487          0.00122284
                 805            -6.68061             -6.6549          0.00122174
                 806            -6.66148            -6.65491          0.00122025
                 807            -6.66244            -6.65492          0.00121877
                 808            -6.68263            -6.65495          0.00121775
                 809            -6.65913            -6.65496          0.00121625
                 810            -6.63569            -6.65493          0.00121498
                 811             -6.6669            -6.65495          0.00121358
                 812            -6.71051            -6.65502          0.00121401
                 813             -6.5978            -6.65495          0.00121455
                 814             -6.6786            -6.65498          0.00121341
                 815            -6.61703            -6.65493          0.00121281
                 816            -6.69268            -6.65498          0.00121221
                 817            -6.66935            -6.65499          0.00121085
                 818            -6.60751            -6.65494          0.00121076
                 819            -6.70506              -6.655          0.00121083
                 820            -6.64345            -6.65498          0.00120944
                 821            -6.65074            -6.65498          0.00120797
                 822            -6.64135            -6.65496          0.00120662
                 823            -6.69836            -6.65501           0.0012063
                 824            -6.57006            -6.65491          0.00120924
                 825            -6.69707            -6.65496          0.00120885
                 826             -6.6357            -6.65494          0.00120761
                 827            -6.69449            -6.65499           0.0012071
                 828            -6.62607            -6.65495          0.00120615
                 829            -6.66407            -6.65496          0.00120474
                 830            -6.67145            -6.65498          0.00120345
                 831            -6.63688            -6.65496           0.0012022
                 832            -6.66602            -6.65497          0.00120083
                 833            -6.67094            -6.65499          0.00119954
                 834            -6.65214            -6.65499          0.00119811
                 835            -6.67732            -6.65502          0.00119697
                 836            -6.65358            -6.65501          0.00119554
                 837            -6.64223              -6.655          0.00119421
                 838            -6.67708            -6.65503          0.00119308
                 839            -6.59392            -6.65495          0.00119388
                 840            -6.69007            -6.65499          0.00119319
                 841            -6.62215            -6.65495          0.00119241
                 842            -6.70791            -6.65502          0.00119265
                 843            -6.65554            -6.65502          0.00119123
                 844             -6.6865            -6.65506          0.00119041
                 845             -6.6219            -6.65502          0.00118964
                 846            -6.66973            -6.65503          0.00118837
                 847            -6.62177            -6.65499          0.00118761
                 848            -6.72847            -6.65508          0.00118937
                 849            -6.59161            -6.65501          0.00119031
                 850             -6.6836            -6.65504          0.00118939
                 851            -6.66692            -6.65505          0.00118807
                 852            -6.62894            -6.65502          0.00118707
                 853            -6.64812            -6.65502          0.00118571
                 854            -6.67627            -6.65504          0.00118458
                 855            -6.60561            -6.65498          0.00118461
                 856            -6.67744            -6.65501          0.00118351
                 857            -6.68251            -6.65504          0.00118257
                 858            -6.65092            -6.65504           0.0011812
                 859            -6.61489            -6.65499          0.00118075
                 860             -6.6951            -6.65504           0.0011803
                 861            -6.64978            -6.65503          0.00117894
                 862            -6.65681            -6.65503          0.00117757
                 863            -6.67938            -6.65506          0.00117655
                 864            -6.66657            -6.65507          0.00117526
                 865            -6.63308            -6.65505          0.00117418
                 866            -6.69919             -6.6551          0.00117393
                 867            -6.63408            -6.65507          0.00117282
                 868            -6.65939            -6.65508          0.00117148
                 869            -6.60599            -6.65502           0.0011715
                 870            -6.66707            -6.65504          0.00117023
                 871            -6.71059             -6.6551          0.00117063
                 872            -6.60533            -6.65504          0.00117067
                 873            -6.65412            -6.65504          0.00116933
                 874             -6.6953            -6.65509           0.0011689
                 875            -6.65613            -6.65509          0.00116757
                 876            -6.62727            -6.65506          0.00116667
                 877            -6.64533            -6.65505          0.00116539
                 878            -6.67087            -6.65507           0.0011642
                 879            -6.66878            -6.65508          0.00116298
                 880            -6.66441            -6.65509          0.00116171
                 881            -6.60569            -6.65504          0.00116174
                 882            -6.66037            -6.65504          0.00116044
                 883            -6.64301            -6.65503          0.00115921
                 884            -6.71503             -6.6551          0.00115988
                 885            -6.65329            -6.65509          0.00115857
                 886            -6.63915            -6.65508           0.0011574
                 887            -6.66636            -6.65509          0.00115617
                 888            -6.65564            -6.65509          0.00115487
                 889            -6.62679            -6.65506          0.00115401
                 890            -6.70597            -6.65511          0.00115413
                 891            -6.65834            -6.65512          0.00115284
                 892            -6.64368             -6.6551          0.00115162
                 893            -6.64922             -6.6551          0.00115035
                 894            -6.66512            -6.65511          0.00114911
                 895             -6.6136            -6.65506          0.00114876
                 896            -6.64857            -6.65506          0.00114751
                 897            -6.68002            -6.65508          0.00114656
                 898            -6.66202            -6.65509          0.00114531
                 899            -6.59257            -6.65502          0.00114615
                 900            -6.72215             -6.6551           0.0011473
                 901            -6.62197            -6.65506          0.00114661
                 902            -6.66095            -6.65507          0.00114536
                 903            -6.68299             -6.6551          0.00114451
                 904            -6.68544            -6.65513          0.00114374
                 905            -6.61385            -6.65509          0.00114338
                 906            -6.65896            -6.65509          0.00114213
                 907             -6.6853            -6.65512          0.00114135
                 908            -6.64004            -6.65511          0.00114022
                 909            -6.71251            -6.65517          0.00114071
                 910            -6.61608            -6.65513          0.00114027
                 911             -6.6414            -6.65511          0.00113911
                 912            -6.65847            -6.65511          0.00113787
                 913            -6.65952            -6.65512          0.00113664
                 914            -6.62687            -6.65509          0.00113581
                 915            -6.70226            -6.65514          0.00113574
                 916            -6.63867            -6.65512          0.00113464
                 917            -6.60343            -6.65507          0.00113481
                 918            -6.67632            -6.65509          0.00113381
                 919            -6.65609            -6.65509          0.00113257
                 920            -6.68843            -6.65513          0.00113192
                 921            -6.63522             -6.6551           0.0011309
                 922            -6.61619            -6.65506          0.00113046
                 923            -6.73338            -6.65515          0.00113241
                 924            -6.58898            -6.65508          0.00113345
                 925            -6.64377            -6.65506          0.00113229
                 926            -6.63896            -6.65505           0.0011312
                 927            -6.64034            -6.65503          0.00113009
                 928            -6.65356            -6.65503          0.00112888
                 929            -6.68718            -6.65506          0.00112819
                 930            -6.62945            -6.65504          0.00112731
                 931            -6.67791            -6.65506          0.00112637
                 932            -6.69639             -6.6551          0.00112604
                 933             -6.6097            -6.65506          0.00112588
                 934            -6.64669            -6.65505          0.00112471
                 935            -6.68954            -6.65508          0.00112411
                 936            -6.61839            -6.65504          0.00112359
                 937            -6.69055            -6.65508          0.00112303
                 938            -6.60534            -6.65503          0.00112309
                 939            -6.66106            -6.65504          0.00112191
                 940             -6.6716            -6.65505          0.00112086
                 941            -6.68867            -6.65509          0.00112023
                 942            -6.63388            -6.65507          0.00111927
                 943            -6.64888            -6.65506           0.0011181
                 944            -6.67605            -6.65508          0.00111714
                 945            -6.60506            -6.65503          0.00111721
                 946             -6.7027            -6.65508          0.00111717
                 947            -6.58684            -6.65501          0.00111831
                 948            -6.72342            -6.65508          0.00111945
                 949            -6.58594            -6.65501          0.00112064
                 950            -6.70308            -6.65506           0.0011206
                 951            -6.64741            -6.65505          0.00111945
                 952             -6.6564            -6.65505          0.00111828
                 953            -6.65564            -6.65505          0.00111711
                 954            -6.63023            -6.65503          0.00111624
                 955            -6.68616            -6.65506          0.00111555
                 956            -6.62844            -6.65503          0.00111473
                 957            -6.66351            -6.65504           0.0011136
                 958            -6.66691            -6.65505           0.0011125
                 959            -6.63178            -6.65503          0.00111161
                 960            -6.70701            -6.65508          0.00111177
                 961            -6.62296            -6.65505          0.00111111
                 962            -6.72127            -6.65512          0.00111209
                 963            -6.60727            -6.65507          0.00111204
                 964            -6.64371            -6.65506          0.00111095
                 965            -6.67235            -6.65507          0.00110995
                 966            -6.68133             -6.6551          0.00110913
                 967            -6.63744            -6.65508          0.00110813
                 968            -6.64393            -6.65507          0.00110705
                 969             -6.6876             -6.6551          0.00110641
                 970            -6.64975             -6.6551          0.00110529
                 971            -6.65155             -6.6551          0.00110415
                 972            -6.67833            -6.65512          0.00110328
                 973            -6.67847            -6.65514           0.0011024
                 974              -6.613             -6.6551          0.00110212
                 975            -6.62076            -6.65507          0.00110155
                 976            -6.72097            -6.65513          0.00110249
                 977            -6.63829            -6.65512           0.0011015
                 978            -6.64668            -6.65511          0.00110041
                 979            -6.69669            -6.65515           0.0011001
                 980            -6.60148            -6.65509          0.00110034
                 981            -6.70153            -6.65514          0.00110024
                 982            -6.62323            -6.65511           0.0010996
                 983            -6.68428            -6.65514          0.00109888
                 984            -6.65338            -6.65514          0.00109776
                 985            -6.67614            -6.65516          0.00109686
                 986            -6.62107            -6.65512          0.00109629
                 987            -6.68856            -6.65516           0.0010957
                 988            -6.63738            -6.65514          0.00109474
                 989            -6.65559            -6.65514          0.00109363
                 990            -6.63972            -6.65512          0.00109264
                 991            -6.67229            -6.65514          0.00109167
                 992            -6.64184            -6.65513          0.00109066
                 993            -6.64968            -6.65512          0.00108957
                 994            -6.66628            -6.65513          0.00108853
                 995            -6.67999            -6.65516          0.00108773
                 996              -6.642            -6.65515          0.00108671
                 997             -6.6685            -6.65516          0.00108571
                 998            -6.62589            -6.65513          0.00108501
                 999            -6.65279            -6.65513          0.00108393
                1000            -6.68251            -6.65516          0.00108319
