                   1             1.27267             1.27267                   0
                   2             1.07149             1.17208           0.0711282
                   3             1.24243             1.19553           0.0511385
                   4             1.27256             1.21479           0.0418235
                   5             1.15326             1.20248           0.0352226
                   6             1.17098             1.19723           0.0297409
                   7              1.2912             1.21065           0.0283605
                   8             1.16261             1.20465           0.0254432
                   9             1.21487             1.20579           0.0226415
                  10             1.17321             1.20253           0.0206104
                  11              1.2337             1.20536           0.0189306
                  12             1.17079             1.20248           0.0175709
                  13             1.19727             1.20208           0.0162238
                  14             1.20953             1.20261           0.0150737
                  15             1.18873             1.20169           0.0140971
                  16             1.22131             1.20291           0.0132693
                  17             1.18079             1.20161           0.0125524
                  18             1.18671             1.20078           0.0118824
                  19             1.19823             1.20065           0.0112577
                  20             1.23148             1.20219           0.0107999
                  21              1.1493             1.19967           0.0105752
                  22             1.26088             1.20245           0.0104541
                  23             1.15928             1.20058           0.0101667
                  24             1.17216             1.19939          0.00981177
                  25             1.22633             1.20047          0.00947829
                  26             1.21215             1.20092          0.00912437
                  27             1.16155             1.19946          0.00890217
                  28             1.24164             1.20097          0.00871074
                  29             1.19192             1.20066          0.00841595
                  30             1.15253             1.19905          0.00828689
                  31             1.25994             1.20102          0.00824907
                  32             1.18079             1.20038          0.00801546
                  33             1.16259             1.19924          0.00785394
                  34             1.23621             1.20033          0.00769783
                  35              1.2622             1.20209          0.00767817
                  36              1.1268                 1.2          0.00774449
                  37             1.16021             1.19893          0.00760949
                  38             1.26404             1.20064           0.0075997
                  39             1.22068             1.20115          0.00742219
                  40             1.14795             1.19982          0.00735483
                  41             1.22442             1.20042          0.00719986
                  42             1.23859             1.20133          0.00708554
                  43             1.18949             1.20106          0.00692611
                  44             1.17762             1.20053          0.00678914
                  45              1.2264              1.2011          0.00666257
                  46             1.18993             1.20086          0.00652216
                  47              1.2158             1.20118          0.00639114
                  48             1.17464             1.20062          0.00628186
                  49             1.19501             1.20051           0.0061547
                  50             1.22956             1.20109          0.00605898
                  51             1.20495             1.20116          0.00594065
                  52             1.13209             1.19984          0.00597308
                  53             1.30003             1.20173          0.00615226
                  54             1.15822             1.20092          0.00609086
                  55             1.18343              1.2006          0.00598841
                  56             1.19197             1.20045          0.00588346
                  57             1.25701             1.20144          0.00586332
                  58             1.15514             1.20064          0.00581631
                  59             1.19373             1.20053          0.00571891
                  60             1.22131             1.20087          0.00563408
                  61             1.17996             1.20053          0.00555214
                  62             1.25424              1.2014          0.00552975
                  63             1.14772             1.20054          0.00550722
                  64             1.28008             1.20179          0.00555962
                  65             1.12902             1.20067          0.00558567
                  66             1.20595             1.20075          0.00550161
                  67              1.2409             1.20135          0.00545203
                  68             1.18551             1.20111          0.00537683
                  69             1.21341             1.20129          0.00530186
                  70             1.17293             1.20089          0.00524157
                  71             1.20951             1.20101          0.00516915
                  72               1.227             1.20137          0.00510995
                  73              1.2078             1.20146          0.00504071
                  74             1.18505             1.20124          0.00497747
                  75             1.19137              1.2011          0.00491284
                  76             1.20728             1.20118          0.00484887
                  77             1.20448             1.20123          0.00478609
                  78             1.23691             1.20169          0.00474654
                  79             1.14507             1.20097          0.00474026
                  80             1.26707             1.20179          0.00475246
                  81              1.1345             1.20096          0.00476585
                  82             1.21763             1.20117          0.00471206
                  83             1.20095             1.20116          0.00465529
                  84             1.23177             1.20153           0.0046141
                  85             1.15324             1.20096          0.00459466
                  86             1.22308             1.20122          0.00454842
                  87             1.17195             1.20088          0.00450856
                  88             1.19828             1.20085          0.00445743
                  89             1.22822             1.20116          0.00441794
                  90             1.17569             1.20088           0.0043779
                  91             1.27116             1.20165           0.0043974
                  92             1.12746             1.20084          0.00442293
                  93             1.26824             1.20157          0.00443434
                  94             1.18799             1.20142          0.00438952
                  95             1.22399             1.20166          0.00434973
                  96             1.22161             1.20187          0.00430939
                  97             1.18802             1.20173          0.00426732
                  98             1.22086             1.20192          0.00422825
                  99             1.20179             1.20192          0.00418554
                 100             1.17181             1.20162           0.0041545
                 101             1.19882             1.20159          0.00411346
                 102             1.23115             1.20188          0.00408332
                 103             1.19335              1.2018          0.00404452
                 104             1.21324             1.20191          0.00400712
                 105             1.18635             1.20176           0.0039717
                 106             1.18923             1.20164          0.00393599
                 107             1.24473             1.20204          0.00391975
                 108              1.2044             1.20207          0.00388352
                 109             1.19506               1.202          0.00384842
                 110             1.19857             1.20197          0.00381356
                 111             1.19336             1.20189          0.00377999
                 112              1.2235             1.20209          0.00375116
                 113             1.18832             1.20196          0.00371994
                 114             1.22485             1.20216          0.00369273
                 115             1.19118             1.20207          0.00366185
                 116             1.19357               1.202          0.00363101
                 117             1.21601             1.20212          0.00360195
                 118             1.23483             1.20239          0.00358208
                 119             1.14786             1.20193          0.00358117
                 120             1.19092             1.20184          0.00355251
                 121             1.21615             1.20196          0.00352512
                 122             1.14789             1.20152          0.00352397
                 123             1.22725             1.20173          0.00350152
                 124             1.25558             1.20216          0.00350012
                 125             1.15534             1.20179          0.00349211
                 126             1.16877             1.20152          0.00347421
                 127             1.20847             1.20158          0.00344729
                 128              1.2519             1.20197           0.0034427
                 129             1.16315             1.20167          0.00342914
                 130             1.20238             1.20168          0.00340276
                 131             1.23622             1.20194          0.00338699
                 132             1.21892             1.20207          0.00336377
                 133             1.13306             1.20155          0.00337827
                 134             1.23445              1.2018          0.00336197
                 135             1.18374             1.20166          0.00333972
                 136             1.20221             1.20167          0.00331517
                 137             1.20694              1.2017          0.00329119
                 138             1.18263             1.20157          0.00327024
                 139             1.22686             1.20175          0.00325178
                 140              1.2314             1.20196          0.00323544
                 141             1.17116             1.20174          0.00321986
                 142             1.22473              1.2019          0.00320126
                 143             1.16963             1.20168          0.00318682
                 144             1.23893             1.20194          0.00317517
                 145             1.18771             1.20184          0.00315479
                 146             1.21711             1.20194          0.00313491
                 147             1.20136             1.20194          0.00311359
                 148             1.22852             1.20212          0.00309773
                 149             1.12934             1.20163          0.00311521
                 150             1.22644              1.2018          0.00309883
                 151             1.23486             1.20201          0.00308603
                 152             1.14693             1.20165          0.00308693
                 153             1.20856              1.2017          0.00306709
                 154             1.18471             1.20159          0.00304915
                 155             1.20873             1.20163          0.00302983
                 156             1.18278             1.20151          0.00301281
                 157             1.19649             1.20148          0.00299379
                 158             1.22247             1.20161          0.00297779
                 159             1.21023             1.20167          0.00295956
                 160              1.1986             1.20165          0.00294112
                 161             1.21715             1.20174          0.00292443
                 162             1.17864              1.2016          0.00290986
                 163              1.2506              1.2019          0.00290749
                 164             1.15803             1.20164          0.00290204
                 165             1.18423             1.20153          0.00288637
                 166             1.22804             1.20169           0.0028734
                 167             1.18456             1.20159          0.00285802
                 168             1.25062             1.20188          0.00285587
                 169             1.16009             1.20163          0.00284966
                 170             1.21445             1.20171           0.0028339
                 171             1.21923             1.20181          0.00281918
                 172             1.19408             1.20176          0.00280314
                 173             1.18283             1.20165          0.00278908
                 174             1.20698             1.20169          0.00277321
                 175             1.21822             1.20178          0.00275898
                 176              1.2446             1.20202            0.002754
                 177             1.17429             1.20187           0.0027429
                 178             1.18561             1.20178          0.00272901
                 179             1.20677              1.2018          0.00271391
                 180             1.16932             1.20162          0.00270482
                 181             1.21946             1.20172          0.00269167
                 182             1.26065             1.20205          0.00269629
                 183             1.17448             1.20189          0.00268576
                 184             1.18018             1.20178          0.00267375
                 185             1.23637             1.20196          0.00266583
                 186             1.21009             1.20201          0.00265186
                 187             1.16539             1.20181           0.0026449
                 188             1.21771              1.2019          0.00263218
                 189             1.19303             1.20185          0.00261867
                 190              1.2249             1.20197           0.0026077
                 191             1.18933              1.2019          0.00259488
                 192             1.23149             1.20206          0.00258594
                 193             1.17328             1.20191          0.00257684
                 194             1.24097             1.20211          0.00257141
                 195              1.1401             1.20179          0.00257781
                 196             1.18323              1.2017           0.0025664
                 197             1.24819             1.20193           0.0025642
                 198               1.184             1.20184          0.00255285
                 199              1.2029             1.20185          0.00254002
                 200              1.2281             1.20198          0.00253071
                 201              1.1998             1.20197          0.00251815
                 202             1.17151             1.20182          0.00251019
                 203             1.21184             1.20187          0.00249831
                 204             1.16419             1.20168          0.00249288
                 205             1.23988             1.20187          0.00248768
                 206             1.18939             1.20181          0.00247634
                 207             1.23406             1.20196          0.00246927
                 208             1.18335             1.20187          0.00245902
                 209             1.17303             1.20174          0.00245113
                 210             1.22449             1.20185          0.00244185
                 211             1.19606             1.20182          0.00243043
                 212             1.21295             1.20187          0.00241953
                 213             1.19122             1.20182          0.00240869
                 214             1.26579             1.20212          0.00241591
                 215             1.06876              1.2015          0.00248302
                 216             1.28953             1.20191          0.00250475
                 217              1.1816             1.20181          0.00249495
                 218             1.17797              1.2017           0.0024859
                 219             1.24215             1.20189           0.0024814
                 220             1.20024             1.20188          0.00247014
                 221             1.19012             1.20183          0.00245953
                 222             1.18907             1.20177          0.00244912
                 223             1.24837             1.20198          0.00244704
                 224             1.15018             1.20175          0.00244702
                 225             1.22758             1.20186          0.00243883
                 226             1.23848             1.20202          0.00243342
                 227             1.14763             1.20178          0.00243447
                 228             1.26048             1.20204          0.00243736
                 229             1.20289             1.20205          0.00242672
                 230             1.20414             1.20206          0.00241619
                 231              1.1983             1.20204          0.00240578
                 232             1.20788             1.20206          0.00239555
                 233             1.16369              1.2019          0.00239092
                 234             1.22047             1.20198          0.00238202
                 235             1.21892             1.20205          0.00237297
                 236             1.16559              1.2019          0.00236794
                 237             1.21711             1.20196          0.00235882
                 238             1.21728             1.20202          0.00234979
                 239             1.20029             1.20202          0.00233997
                 240             1.21362             1.20207          0.00233072
                 241             1.22781             1.20217          0.00232349
                 242             1.21119             1.20221          0.00231419
                 243             1.19708             1.20219          0.00230476
                 244             1.21443             1.20224          0.00229586
                 245             1.19657             1.20222          0.00228661
                 246             1.15496             1.20202          0.00228537
                 247             1.23275             1.20215           0.0022795
                 248             1.19904             1.20214          0.00227034
                 249             1.19322              1.2021          0.00226151
                 250             1.21009             1.20213          0.00225269
                 251             1.20264             1.20213          0.00224371
                 252             1.21318             1.20218          0.00223524
                 253             1.21907             1.20224           0.0022274
                 254             1.25028             1.20243          0.00222664
                 255             1.09873             1.20203          0.00225474
                 256             1.23511             1.20216          0.00224964
                 257             1.16084               1.202          0.00224662
                 258             1.25045             1.20218          0.00224575
                 259             1.13425             1.20192          0.00225234
                 260             1.21288             1.20196          0.00224407
                 261             1.20439             1.20197          0.00223549
                 262             1.23177             1.20209          0.00222985
                 263             1.18945             1.20204          0.00222189
                 264             1.19127               1.202          0.00221385
                 265             1.18412             1.20193          0.00220652
                 266             1.20877             1.20196          0.00219838
                 267             1.16844             1.20183          0.00219372
                 268             1.26499             1.20207          0.00219816
                 269             1.18635             1.20201          0.00219076
                 270             1.13175             1.20175          0.00219805
                 271             1.22955             1.20185          0.00219233
                 272             1.26012             1.20206          0.00219471
                 273             1.15179             1.20188          0.00219439
                 274              1.2054             1.20189          0.00218641
                 275             1.25014             1.20207          0.00218549
                 276             1.18509             1.20201          0.00217844
                 277             1.18624             1.20195          0.00217132
                 278             1.24473              1.2021          0.00216895
                 279             1.20907             1.20213          0.00216132
                 280             1.14778             1.20193           0.0021623
                 281             1.18164             1.20186          0.00215581
                 282             1.23465             1.20198           0.0021513
                 283             1.25039             1.20215          0.00215049
                 284             1.16718             1.20203          0.00214644
                 285             1.17816             1.20194          0.00214054
                 286             1.23793             1.20207          0.00213675
                 287             1.17511             1.20197          0.00213137
                 288             1.24078             1.20211          0.00212823
                 289             1.16682             1.20199          0.00212436
                 290             1.24028             1.20212          0.00212114
                 291             1.16206             1.20198          0.00211831
                 292             1.21795             1.20204          0.00211176
                 293             1.17094             1.20193          0.00210722
                 294             1.25071              1.2021          0.00210657
                 295             1.23159              1.2022          0.00210181
                 296             1.13349             1.20196          0.00210748
                 297             1.21139               1.202          0.00210063
                 298             1.26063             1.20219          0.00210277
                 299              1.1628             1.20206          0.00209986
                 300             1.22428             1.20213          0.00209417
                 301             1.16241               1.202          0.00209136
                 302             1.18779             1.20196          0.00208497
                 303             1.24192             1.20209          0.00208226
                 304             1.22263             1.20216           0.0020765
                 305             1.18307             1.20209          0.00207064
                 306              1.2025             1.20209          0.00206387
                 307             1.19176             1.20206          0.00205742
                 308             1.18468               1.202          0.00205152
                 309             1.18933             1.20196          0.00204529
                 310             1.15229              1.2018          0.00204496
                 311             1.24046             1.20193          0.00204215
                 312             1.21252             1.20196          0.00203589
                 313               1.204             1.20197           0.0020294
                 314             1.20428             1.20197          0.00202295
                 315             1.19246             1.20194          0.00201675
                 316             1.19309             1.20192          0.00201056
                 317             1.17443             1.20183          0.00200609
                 318             1.23926             1.20195          0.00200323
                 319             1.15178             1.20179          0.00200312
                 320             1.23042             1.20188          0.00199885
                 321             1.18099             1.20181          0.00199369
                 322             1.21461             1.20185          0.00198789
                 323             1.22341             1.20192          0.00198285
                 324             1.21613             1.20196          0.00197722
                 325             1.19693             1.20195           0.0019712
                 326               1.187              1.2019          0.00196568
                 327             1.23361               1.202          0.00196206
                 328             1.19142             1.20197          0.00195635
                 329             1.19589             1.20195          0.00195049
                 330             1.19143             1.20192          0.00194484
                 331             1.18826             1.20188           0.0019394
                 332             1.23132             1.20197          0.00193559
                 333             1.19747             1.20195          0.00192982
                 334             1.15667             1.20182           0.0019288
                 335             1.26415               1.202            0.001932
                 336             1.13946             1.20182          0.00193519
                 337              1.2004             1.20181          0.00192945
                 338             1.24557             1.20194          0.00192808
                 339             1.21196             1.20197          0.00192262
                 340             1.12124             1.20173          0.00193158
                 341             1.21439             1.20177          0.00192627
                 342             1.25184             1.20192          0.00192619
                 343             1.16574             1.20181          0.00192346
                 344             1.24094             1.20193          0.00192123
                 345             1.17454             1.20185           0.0019173
                 346             1.20725             1.20186          0.00191182
                 347             1.21762             1.20191          0.00190685
                 348             1.19105             1.20188          0.00190163
                 349             1.21669             1.20192          0.00189665
                 350             1.19067             1.20189          0.00189151
                 351             1.19803             1.20188          0.00188615
                 352             1.22261             1.20193          0.00188171
                 353             1.22709             1.20201          0.00187773
                 354             1.18925             1.20197          0.00187277
                 355             1.21672             1.20201          0.00186796
                 356             1.16067             1.20189          0.00186631
                 357             1.22395             1.20196          0.00186211
                 358             1.22764             1.20203          0.00185829
                 359             1.16713             1.20193          0.00185565
                 360             1.17993             1.20187           0.0018515
                 361             1.25407             1.20201          0.00185201
                 362             1.16803             1.20192          0.00184927
                 363             1.16829             1.20183           0.0018465
                 364             1.25356             1.20197          0.00184689
                 365             1.19883             1.20196          0.00184185
                 366              1.1832             1.20191          0.00183753
                 367             1.20255             1.20191          0.00183252
                 368             1.19994             1.20191          0.00182755
                 369              1.2396             1.20201          0.00182545
                 370             1.19372             1.20199          0.00182065
                 371             1.20529               1.202          0.00181577
                 372             1.24182              1.2021          0.00181404
                 373             1.15725             1.20198          0.00181316
                 374             1.17395             1.20191          0.00180986
                 375             1.24557             1.20202          0.00180877
                 376             1.19565             1.20201          0.00180404
                 377             1.17991             1.20195          0.00180021
                 378             1.26515             1.20212          0.00180319
                 379             1.18348             1.20207          0.00179911
                 380             1.23156             1.20214          0.00179605
                 381             1.17469             1.20207          0.00179278
                 382             1.22013             1.20212          0.00178871
                 383             1.15027             1.20198          0.00178915
                 384             1.26533             1.20215          0.00179208
                 385             1.20215             1.20215          0.00178743
                 386             1.14419               1.202          0.00178909
                 387             1.26137             1.20215          0.00179103
                 388              1.1746             1.20208          0.00178783
                 389              1.2055             1.20209          0.00178325
                 390             1.15645             1.20197          0.00178251
                 391             1.25942             1.20212            0.001784
                 392             1.12138             1.20191           0.0017913
                 393             1.23127             1.20199           0.0017883
                 394             1.20757               1.202          0.00178382
                 395             1.22981             1.20207          0.00178069
                 396             1.18052             1.20202          0.00177702
                 397             1.23147             1.20209           0.0017741
                 398             1.19221             1.20207          0.00176981
                 399             1.18912             1.20204          0.00176567
                 400             1.17051             1.20196          0.00176302
                 401             1.27365             1.20214          0.00176766
                 402             1.15765             1.20202          0.00176672
                 403             1.18788             1.20199          0.00176269
                 404              1.2406             1.20208          0.00176092
                 405             1.20467             1.20209          0.00175658
                 406             1.22534             1.20215          0.00175319
                 407             1.18837             1.20211          0.00174921
                 408             1.20954             1.20213          0.00174501
                 409             1.18957              1.2021          0.00174102
                 410              1.1955             1.20209          0.00173684
                 411             1.19337             1.20206          0.00173275
                 412             1.24833             1.20218          0.00173218
                 413             1.19224             1.20215          0.00172815
                 414             1.19546             1.20214          0.00172405
                 415             1.19247             1.20211          0.00172005
                 416             1.19187             1.20209           0.0017161
                 417             1.25648             1.20222          0.00171693
                 418             1.19583              1.2022          0.00171289
                 419             1.17751             1.20215          0.00170982
                 420             1.19129             1.20212          0.00170594
                 421             1.25667             1.20225           0.0017068
                 422             1.18896             1.20222          0.00170305
                 423              1.1651             1.20213          0.00170128
                 424             1.27079             1.20229          0.00170496
                 425             1.13135             1.20212           0.0017091
                 426             1.24573             1.20223          0.00170815
                 427             1.19732             1.20222          0.00170419
                 428             1.18547             1.20218          0.00170065
                 429             1.25883             1.20231          0.00170181
                 430             1.13838             1.20216          0.00170433
                 431               1.234             1.20223          0.00170198
                 432             1.17944             1.20218          0.00169886
                 433             1.20622             1.20219          0.00169496
                 434             1.15894             1.20209          0.00169398
                 435             1.23319             1.20216           0.0016916
                 436             1.20274             1.20216          0.00168772
                 437             1.19264             1.20214            0.001684
                 438             1.21631             1.20217          0.00168046
                 439              1.1876             1.20214          0.00167696
                 440             1.20403             1.20215          0.00167316
                 441             1.18358              1.2021          0.00166989
                 442             1.24258             1.20219          0.00166862
                 443             1.18574             1.20216          0.00166527
                 444             1.25437             1.20228          0.00166567
                 445             1.11519             1.20208          0.00167338
                 446             1.21946             1.20212          0.00167008
                 447              1.1638             1.20203          0.00166854
                 448             1.25795             1.20216          0.00166948
                 449             1.14934             1.20204           0.0016699
                 450             1.23995             1.20212          0.00166832
                 451             1.19355             1.20211          0.00166473
                 452             1.22234             1.20215          0.00166164
                 453             1.16306             1.20206          0.00166022
                 454             1.23086             1.20213          0.00165777
                 455             1.17144             1.20206           0.0016555
                 456             1.24454             1.20215          0.00165449
                 457             1.16972             1.20208          0.00165239
                 458             1.16952             1.20201          0.00165031
                 459              1.2486             1.20211          0.00164983
                 460             1.20397             1.20212          0.00164625
                 461             1.15419             1.20201          0.00164596
                 462             1.20437             1.20202           0.0016424
                 463             1.22673             1.20207          0.00163972
                 464             1.20125             1.20207          0.00163619
                 465             1.19971             1.20206          0.00163268
                 466             1.17936             1.20202           0.0016299
                 467             1.24886             1.20212           0.0016295
                 468              1.1515             1.20201           0.0016296
                 469             1.18367             1.20197          0.00162659
                 470             1.24698             1.20206          0.00162595
                 471             1.16695             1.20199          0.00162421
                 472             1.22974             1.20205          0.00162183
                 473             1.20433             1.20205          0.00161841
                 474             1.13581             1.20191          0.00162102
                 475             1.23333             1.20198          0.00161895
                 476             1.22391             1.20203          0.00161621
                 477             1.15131             1.20192          0.00161631
                 478             1.17891             1.20187          0.00161365
                 479              1.2591             1.20199           0.0016147
                 480             1.16715             1.20192          0.00161296
                 481              1.2265             1.20197          0.00161042
                 482             1.16761              1.2019          0.00160865
                 483             1.21435             1.20192          0.00160553
                 484             1.26775             1.20206          0.00160796
                 485             1.17585             1.20201          0.00160555
                 486             1.18157             1.20196           0.0016028
                 487             1.24319             1.20205          0.00160175
                 488             1.20936             1.20206          0.00159853
                 489             1.15947             1.20198          0.00159764
                 490             1.22339             1.20202          0.00159497
                 491              1.2036             1.20202          0.00159173
                 492             1.21465             1.20205           0.0015887
                 493             1.16493             1.20197          0.00158726
                 494             1.27979             1.20213          0.00159184
                 495             1.15106             1.20203          0.00159197
                 496              1.2075             1.20204           0.0015888
                 497             1.21429             1.20206          0.00158579
                 498             1.20886             1.20208          0.00158266
                 499             1.20111             1.20207          0.00157949
                 500             1.23285             1.20214          0.00157753
                 501             1.17119             1.20207          0.00157559
                 502             1.24259             1.20216          0.00157452
                 503             1.17696             1.20211          0.00157219
                 504              1.2275             1.20216          0.00156987
                 505              1.1733              1.2021          0.00156781
                 506             1.20256              1.2021          0.00156471
                 507             1.24805             1.20219          0.00156424
                 508             1.16865             1.20212          0.00156256
                 509             1.18021             1.20208          0.00156008
                 510             1.25862             1.20219          0.00156096
                 511             1.17079             1.20213          0.00155911
                 512             1.19891             1.20212          0.00155608
                 513             1.18607             1.20209          0.00155336
                 514             1.28812             1.20226          0.00155933
                 515             1.12766             1.20212          0.00156301
                 516             1.19475              1.2021          0.00156005
                 517             1.21713             1.20213           0.0015573
                 518             1.22546             1.20218          0.00155495
                 519             1.17063             1.20211          0.00155314
                 520             1.21005             1.20213          0.00155023
                 521             1.22659             1.20218          0.00154796
                 522             1.21711             1.20221          0.00154526
                 523             1.21042             1.20222          0.00154239
                 524             1.16362             1.20215           0.0015412
                 525             1.25659             1.20225          0.00154175
                 526             1.17284              1.2022          0.00153983
                 527             1.21195             1.20221          0.00153702
                 528             1.21403             1.20224          0.00153427
                 529             1.16307             1.20216          0.00153316
                 530             1.19761             1.20215          0.00153029
                 531             1.16726             1.20209          0.00152882
                 532             1.24638             1.20217          0.00152821
                 533             1.18132             1.20213          0.00152584
                 534             1.20349             1.20213          0.00152299
                 535             1.23926              1.2022          0.00152172
                 536             1.16779             1.20214          0.00152024
                 537             1.22537             1.20218          0.00151802
                 538             1.18013             1.20214          0.00151575
                 539             1.20332             1.20214          0.00151294
                 540             1.22563             1.20219          0.00151077
                 541             1.17147             1.20213          0.00150904
                 542             1.21741             1.20216          0.00150652
                 543             1.21829             1.20219          0.00150404
                 544             1.18631             1.20216          0.00150156
                 545             1.16798              1.2021          0.00150011
                 546             1.23096             1.20215          0.00149829
                 547             1.27882             1.20229           0.0015021
                 548             1.15143              1.2022          0.00150222
                 549             1.20745             1.20221          0.00149951
                 550             1.20587             1.20221           0.0014968
                 551             1.20186             1.20221          0.00149409
                 552              1.2284             1.20226          0.00149213
                 553             1.18481             1.20223          0.00148977
                 554             1.21858             1.20226          0.00148737
                 555             1.13307             1.20213          0.00148991
                 556             1.28265             1.20228          0.00149425
                 557             1.14676             1.20218          0.00149488
                 558               1.255             1.20227           0.0014952
                 559             1.17007             1.20222          0.00149363
                 560             1.22287             1.20225          0.00149142
                 561             1.22119             1.20229          0.00148915
                 562             1.17292             1.20223          0.00148741
                 563             1.19727             1.20222           0.0014848
                 564             1.21356             1.20225           0.0014823
                 565             1.15554             1.20216          0.00148198
                 566             1.21615             1.20219          0.00147957
                 567             1.23284             1.20224          0.00147795
                 568             1.19515             1.20223           0.0014754
                 569             1.18042             1.20219           0.0014733
                 570             1.18386             1.20216          0.00147107
                 571             1.20639             1.20217          0.00146851
                 572             1.18488             1.20214          0.00146625
                 573             1.21355             1.20216          0.00146383
                 574             1.21743             1.20218          0.00146152
                 575             1.20464             1.20219          0.00145899
                 576              1.1648             1.20212           0.0014579
                 577             1.23204             1.20217          0.00145629
                 578             1.17439             1.20213          0.00145456
                 579              1.2226             1.20216          0.00145248
                 580             1.18949             1.20214          0.00145014
                 581             1.20852             1.20215          0.00144769
                 582             1.19214             1.20213           0.0014453
                 583             1.20199             1.20213          0.00144282
                 584             1.22822             1.20218          0.00144104
                 585             1.20438             1.20218          0.00143859
                 586             1.19556             1.20217          0.00143618
                 587             1.16402              1.2021           0.0014352
                 588             1.21083             1.20212          0.00143283
                 589              1.2382             1.20218          0.00143171
                 590             1.22426             1.20222          0.00142977
                 591             1.11459             1.20207          0.00143502
                 592             1.22073              1.2021          0.00143294
                 593             1.22708             1.20214          0.00143115
                 594             1.16602             1.20208          0.00143003
                 595             1.22216             1.20212          0.00142802
                 596             1.23661             1.20217           0.0014268
                 597             1.15208             1.20209          0.00142687
                 598             1.22394             1.20213          0.00142495
                 599             1.19227             1.20211          0.00142267
                 600             1.20963             1.20212          0.00142035
                 601             1.21194             1.20214          0.00141809
                 602             1.18074              1.2021          0.00141617
                 603             1.20301              1.2021          0.00141383
                 604             1.18767             1.20208          0.00141169
                 605             1.22869             1.20213          0.00141004
                 606             1.17639             1.20208          0.00140835
                 607             1.15336               1.202          0.00140832
                 608              1.2373             1.20206           0.0014072
                 609             1.21832             1.20209          0.00140514
                 610             1.19444             1.20207          0.00140289
                 611             1.17074             1.20202          0.00140153
                 612             1.24398             1.20209          0.00140092
                 613              1.1549             1.20201          0.00140075
                 614             1.24514             1.20209          0.00140023
                 615             1.15967             1.20202          0.00139965
                 616             1.20991             1.20203          0.00139743
                 617             1.20536             1.20203          0.00139518
                 618             1.18881             1.20201          0.00139309
                 619             1.22172             1.20204           0.0013912
                 620             1.16859             1.20199             0.00139
                 621             1.25222             1.20207          0.00139011
                 622             1.15026             1.20199          0.00139037
                 623             1.20872               1.202          0.00138818
                 624             1.23594             1.20205          0.00138702
                 625             1.13863             1.20195          0.00138851
                 626             1.24592             1.20202          0.00138807
                 627             1.20086             1.20202          0.00138586
                 628             1.20043             1.20202          0.00138365
                 629             1.20627             1.20202          0.00138147
                 630             1.18849               1.202          0.00137944
                 631             1.15652             1.20193          0.00137914
                 632             1.28266             1.20206          0.00138286
                 633             1.15541             1.20199          0.00138264
                 634             1.19087             1.20197          0.00138057
                 635             1.22505               1.202          0.00137887
                 636              1.1937             1.20199          0.00137676
                 637             1.20854               1.202          0.00137464
                 638             1.24746             1.20207          0.00137433
                 639             1.18365             1.20204          0.00137248
                 640             1.19908             1.20204          0.00137035
                 641             1.16115             1.20198          0.00136969
                 642             1.22335             1.20201          0.00136796
                 643             1.20769             1.20202          0.00136586
                 644              1.2121             1.20203          0.00136383
                 645             1.19688             1.20202          0.00136174
                 646             1.20102             1.20202          0.00135964
                 647             1.21543             1.20204          0.00135769
                 648             1.21912             1.20207          0.00135585
                 649             1.14784             1.20199          0.00135634
                 650             1.23166             1.20203          0.00135502
                 651             1.17531             1.20199          0.00135356
                 652             1.20566               1.202          0.00135149
                 653             1.24349             1.20206          0.00135092
                 654             1.16321               1.202          0.00135016
                 655             1.18378             1.20197          0.00134838
                 656             1.23134             1.20202          0.00134707
                 657             1.19683             1.20201          0.00134504
                 658             1.18879             1.20199          0.00134315
                 659             1.20736               1.202          0.00134113
                 660             1.18038             1.20197           0.0013395
                 661             1.24439             1.20203          0.00133901
                 662             1.17948               1.202          0.00133742
                 663             1.19483             1.20198          0.00133545
                 664             1.21504               1.202          0.00133358
                 665             1.17694             1.20197          0.00133211
                 666             1.28155             1.20209          0.00133546
                 667             1.17905             1.20205           0.0013339
                 668             1.21615             1.20207          0.00133207
                 669             1.20118             1.20207          0.00133008
                 670             1.14348             1.20198          0.00133097
                 671             1.25233             1.20206           0.0013311
                 672             1.15616             1.20199          0.00133087
                 673              1.1901             1.20197          0.00132901
                 674             1.21864               1.202          0.00132727
                 675             1.21188             1.20201          0.00132538
                 676             1.16949             1.20196          0.00132429
                 677             1.20222             1.20196          0.00132234
                 678              1.2048             1.20197          0.00132039
                 679             1.20266             1.20197          0.00131845
                 680             1.22851             1.20201          0.00131709
                 681             1.16122             1.20195          0.00131651
                 682             1.22556             1.20198          0.00131504
                 683             1.22172             1.20201          0.00131343
                 684             1.21414             1.20203          0.00131163
                 685             1.17439             1.20199          0.00131034
                 686             1.18619             1.20197          0.00130863
                 687             1.21584             1.20199          0.00130688
                 688             1.20311             1.20199          0.00130498
                 689             1.20748               1.202          0.00130311
                 690             1.19068             1.20198          0.00130133
                 691             1.17865             1.20195          0.00129988
                 692             1.24209               1.202           0.0012993
                 693             1.13832             1.20191          0.00130067
                 694             1.25629             1.20199          0.00130115
                 695             1.19493             1.20198          0.00129932
                 696             1.16529             1.20193          0.00129852
                 697             1.23867             1.20198          0.00129773
                 698             1.18747             1.20196          0.00129603
                 699             1.20033             1.20196          0.00129418
                 700             1.20131             1.20196          0.00129233
                 701             1.19492             1.20195          0.00129053
                 702             1.17333             1.20191          0.00128933
                 703             1.21955             1.20193          0.00128774
                 704             1.23629             1.20198          0.00128684
                 705             1.19733             1.20197          0.00128503
                 706             1.18754             1.20195          0.00128337
                 707             1.20944             1.20196           0.0012816
                 708             1.19067             1.20195          0.00127989
                 709             1.22717             1.20198          0.00127858
                 710             1.21052               1.202          0.00127684
                 711             1.16824             1.20195          0.00127592
                 712             1.22273             1.20198          0.00127446
                 713             1.22636             1.20201          0.00127314
                 714             1.14797             1.20194           0.0012736
                 715             1.21886             1.20196          0.00127204
                 716              1.2232             1.20199          0.00127061
                 717             1.16359             1.20194          0.00126996
                 718             1.16553             1.20188          0.00126921
                 719              1.1804             1.20185          0.00126779
                 720             1.22444             1.20189          0.00126642
                 721             1.23138             1.20193          0.00126533
                 722             1.14048             1.20184          0.00126643
                 723             1.21862             1.20187          0.00126489
                 724             1.24748             1.20193          0.00126471
                 725             1.12557             1.20182          0.00126735
                 726              1.2611              1.2019          0.00126823
                 727             1.19785              1.2019           0.0012665
                 728             1.20242              1.2019          0.00126476
                 729             1.21181             1.20191           0.0012631
                 730             1.15784             1.20185          0.00126281
                 731             1.22915             1.20189          0.00126163
                 732             1.17269             1.20185          0.00126054
                 733             1.23701              1.2019          0.00125973
                 734             1.17957             1.20187          0.00125838
                 735             1.22533              1.2019          0.00125707
                 736             1.18304             1.20187          0.00125563
                 737             1.23169             1.20191          0.00125458
                 738             1.21386             1.20193          0.00125298
                 739             1.19469             1.20192          0.00125132
                 740             1.20825             1.20193          0.00124966
                 741             1.19552             1.20192            0.001248
                 742             1.23648             1.20197          0.00124719
                 743             1.18333             1.20194          0.00124577
                 744             1.18782             1.20192          0.00124424
                 745             1.23423             1.20197          0.00124332
                 746             1.20823             1.20198          0.00124168
                 747             1.16651             1.20193          0.00124093
                 748             1.26305             1.20201          0.00124196
                 749             1.12765             1.20191          0.00124426
                 750             1.23977             1.20196          0.00124362
                 751             1.18432             1.20194          0.00124219
                 752             1.22638             1.20197          0.00124096
                 753             1.14788              1.2019          0.00124139
                 754             1.19043             1.20188          0.00123984
                 755               1.206             1.20189          0.00123821
                 756             1.19903             1.20188          0.00123658
                 757             1.23764             1.20193          0.00123584
                 758             1.14608             1.20186          0.00123641
                 759             1.21633             1.20188          0.00123493
                 760             1.26382             1.20196          0.00123599
                 761             1.11482             1.20184          0.00123966
                 762             1.24211              1.2019          0.00123916
                 763             1.18096             1.20187          0.00123783
                 764             1.21176             1.20188          0.00123628
                 765             1.23045             1.20192          0.00123523
                 766             1.18334              1.2019          0.00123386
                 767             1.16905             1.20185          0.00123299
                 768             1.20793             1.20186          0.00123141
                 769              1.2366             1.20191          0.00123064
                 770             1.15874             1.20185          0.00123032
                 771             1.23153             1.20189          0.00122932
                 772             1.21664             1.20191          0.00122788
                 773             1.14446             1.20183          0.00122854
                 774             1.23846             1.20188          0.00122786
                 775             1.19584             1.20187           0.0012263
                 776             1.23073             1.20191          0.00122528
                 777             1.18077             1.20188          0.00122401
                 778             1.13801              1.2018          0.00122519
                 779             1.22993             1.20184          0.00122414
                 780              1.2219             1.20186          0.00122285
                 781             1.22224             1.20189          0.00122156
                 782             1.18786             1.20187          0.00122013
                 783             1.18244             1.20185          0.00121882
                 784             1.20982             1.20186          0.00121731
                 785             1.14698             1.20179          0.00121776
                 786             1.25044             1.20185          0.00121779
                 787             1.19104             1.20183          0.00121632
                 788             1.26844             1.20192          0.00121771
                 789             1.12587             1.20182          0.00121997
                 790             1.21017             1.20183          0.00121847
                 791             1.21168             1.20184            0.001217
                 792             1.22638             1.20188          0.00121585
                 793             1.16436             1.20183          0.00121524
                 794             1.22487             1.20186          0.00121406
                 795             1.18701             1.20184          0.00121267
                 796             1.19698             1.20183          0.00121117
                 797             1.23228             1.20187          0.00121025
                 798             1.20078             1.20187          0.00120873
                 799             1.21557             1.20189          0.00120734
                 800             1.17653             1.20186          0.00120625
                 801             1.22382             1.20188          0.00120505
                 802             1.16889             1.20184          0.00120425
                 803             1.21444             1.20186          0.00120286
                 804             1.18681             1.20184          0.00120151
                 805             1.23647             1.20188          0.00120078
                 806             1.19663             1.20187          0.00119931
                 807             1.21858              1.2019            0.001198
                 808             1.22032             1.20192          0.00119674
                 809             1.21382             1.20193          0.00119535
                 810              1.1805             1.20191          0.00119417
                 811             1.21151             1.20192          0.00119275
                 812             1.25661             1.20199          0.00119318
                 813             1.14303             1.20191          0.00119392
                 814             1.22355             1.20194          0.00119275
                 815             1.16335             1.20189          0.00119222
                 816             1.23796             1.20194          0.00119158
                 817             1.21943             1.20196          0.00119031
                 818              1.1517              1.2019          0.00119044
                 819             1.25392             1.20196          0.00119068
                 820             1.19157             1.20195           0.0011893
                 821             1.19353             1.20194          0.00118789
                 822             1.18904             1.20192          0.00118655
                 823             1.25093             1.20198          0.00118661
                 824             1.11173             1.20187          0.00119021
                 825             1.24609             1.20193          0.00118997
                 826             1.18104              1.2019           0.0011888
                 827             1.24131             1.20195          0.00118832
                 828              1.1717             1.20191          0.00118744
                 829             1.21068             1.20192          0.00118606
                 830             1.22614             1.20195          0.00118499
                 831             1.18541             1.20193          0.00118373
                 832             1.21132             1.20194          0.00118236
                 833             1.21089             1.20195          0.00118099
                 834             1.20008             1.20195          0.00117958
                 835             1.22759             1.20198          0.00117856
                 836             1.19871             1.20198          0.00117716
                 837             1.18697             1.20196          0.00117589
                 838             1.22891             1.20199          0.00117493
                 839             1.13202             1.20191          0.00117648
                 840             1.23961             1.20195          0.00117594
                 841             1.17534             1.20192          0.00117497
                 842             1.24749             1.20198          0.00117482
                 843             1.20887             1.20198          0.00117345
                 844             1.22282             1.20201          0.00117232
                 845             1.18017             1.20198          0.00117122
                 846             1.20959             1.20199          0.00116987
                 847             1.16955             1.20195          0.00116911
                 848             1.28083             1.20205          0.00117143
                 849             1.13667             1.20197          0.00117258
                 850             1.22364             1.20199          0.00117148
                 851             1.21299             1.20201          0.00117017
                 852             1.17167             1.20197          0.00116934
                 853             1.19781             1.20197          0.00116798
                 854             1.21903             1.20199          0.00116678
                 855             1.16218             1.20194          0.00116634
                 856             1.21461             1.20196          0.00116508
                 857             1.24174               1.202          0.00116464
                 858             1.19246             1.20199          0.00116334
                 859             1.16188             1.20194          0.00116292
                 860             1.24534             1.20199          0.00116266
                 861             1.19408             1.20199          0.00116135
                 862             1.19109             1.20197          0.00116007
                 863             1.23223             1.20201          0.00115925
                 864             1.21538             1.20202          0.00115802
                 865             1.17654             1.20199          0.00115705
                 866             1.23851             1.20204          0.00115648
                 867             1.18881             1.20202          0.00115525
                 868             1.20341             1.20202          0.00115392
                 869             1.15365             1.20197          0.00115393
                 870              1.2124             1.20198          0.00115267
                 871             1.25415             1.20204           0.0011529
                 872             1.15569             1.20199           0.0011528
                 873             1.20497             1.20199          0.00115149
                 874             1.23571             1.20203          0.00115082
                 875             1.19803             1.20202          0.00114951
                 876             1.17619             1.20199          0.00114858
                 877             1.19224             1.20198          0.00114732
                 878             1.20998             1.20199          0.00114605
                 879              1.2157             1.20201          0.00114485
                 880             1.21609             1.20202          0.00114366
                 881             1.15496             1.20197          0.00114361
                 882             1.20178             1.20197          0.00114232
                 883             1.19124             1.20196          0.00114109
                 884             1.26018             1.20202           0.0011417
                 885              1.1989             1.20202          0.00114041
                 886              1.1892             1.20201          0.00113922
                 887             1.21173             1.20202          0.00113798
                 888             1.20199             1.20202           0.0011367
                 889             1.16613             1.20198          0.00113614
                 890             1.25785             1.20204           0.0011366
                 891             1.20968             1.20205          0.00113535
                 892             1.18496             1.20203          0.00113424
                 893             1.19516             1.20202            0.001133
                 894             1.21402             1.20203          0.00113181
                 895             1.15842             1.20198          0.00113159
                 896             1.20047             1.20198          0.00113033
                 897             1.22545             1.20201          0.00112938
                 898             1.20632             1.20201          0.00112813
                 899             1.14727             1.20195          0.00112852
                 900             1.25947             1.20202          0.00112907
                 901             1.17877             1.20199          0.00112811
                 902             1.20955               1.202          0.00112689
                 903              1.2254             1.20203          0.00112594
                 904             1.23501             1.20206          0.00112529
                 905             1.16338             1.20202          0.00112486
                 906             1.20148             1.20202          0.00112361
                 907             1.22732             1.20205          0.00112272
                 908             1.18545             1.20203          0.00112163
                 909             1.26051             1.20209          0.00112224
                 910             1.16583             1.20205          0.00112172
                 911             1.19358             1.20204          0.00112052
                 912             1.20228             1.20204           0.0011193
                 913             1.20437             1.20205          0.00111807
                 914             1.17067             1.20201          0.00111738
                 915             1.25573             1.20207           0.0011177
                 916             1.18779             1.20206          0.00111659
                 917             1.15497               1.202          0.00111655
                 918             1.22224             1.20203          0.00111555
                 919             1.20785             1.20203          0.00111435
                 920              1.2299             1.20206          0.00111355
                 921             1.19015             1.20205          0.00111242
                 922             1.15746               1.202          0.00111226
                 923             1.28495             1.20209          0.00111468
                 924              1.1351             1.20202          0.00111583
                 925             1.19092             1.20201          0.00111469
                 926             1.18552             1.20199          0.00111363
                 927             1.18703             1.20197          0.00111254
                 928              1.1995             1.20197          0.00111135
                 929             1.23804             1.20201          0.00111083
                 930              1.1708             1.20198          0.00111014
                 931             1.23027             1.20201          0.00110937
                 932             1.23297             1.20204          0.00110867
                 933             1.15653             1.20199          0.00110856
                 934             1.19666             1.20198          0.00110739
                 935              1.2292             1.20201          0.00110658
                 936             1.17033             1.20198          0.00110592
                 937             1.24029             1.20202          0.00110549
                 938             1.15181             1.20197          0.00110561
                 939             1.20189             1.20197          0.00110443
                 940             1.22047             1.20199          0.00110343
                 941             1.23636             1.20202          0.00110287
                 942             1.17624               1.202          0.00110203
                 943             1.20298               1.202          0.00110087
                 944             1.21518             1.20201          0.00109979
                 945             1.15402             1.20196           0.0010998
                 946             1.24915             1.20201          0.00109977
                 947             1.14089             1.20195           0.0011005
                 948             1.26223             1.20201          0.00110117
                 949             1.13738             1.20194          0.00110211
                 950             1.24943             1.20199          0.00110209
                 951             1.19422             1.20198          0.00110096
                 952             1.20723             1.20199          0.00109982
                 953             1.20552             1.20199          0.00109867
                 954              1.1702             1.20196          0.00109802
                 955             1.23769               1.202          0.00109751
                 956             1.18153             1.20197          0.00109657
                 957             1.20693             1.20198          0.00109544
                 958             1.21747               1.202          0.00109441
                 959             1.17988             1.20197          0.00109351
                 960             1.26649             1.20204          0.00109444
                 961             1.15624             1.20199          0.00109434
                 962             1.27775             1.20207          0.00109603
                 963             1.14762             1.20201          0.00109635
                 964             1.19652             1.20201          0.00109523
                 965             1.20862             1.20202          0.00109411
                 966              1.2299             1.20204          0.00109336
                 967             1.18005             1.20202          0.00109247
                 968             1.19231             1.20201          0.00109138
                 969             1.23325             1.20204          0.00109073
                 970             1.19754             1.20204          0.00108962
                 971             1.19885             1.20204           0.0010885
                 972             1.22427             1.20206          0.00108762
                 973             1.21687             1.20207          0.00108661
                 974             1.17186             1.20204          0.00108594
                 975             1.15937               1.202          0.00108571
                 976             1.27203             1.20207          0.00108696
                 977             1.18333             1.20205          0.00108602
                 978             1.19668             1.20205          0.00108492
                 979             1.24077             1.20209          0.00108453
                 980             1.14723             1.20203          0.00108487
                 981             1.24007             1.20207          0.00108446
                 982             1.17084             1.20204          0.00108382
                 983             1.23583             1.20207          0.00108326
                 984               1.198             1.20207          0.00108217
                 985             1.21598             1.20208          0.00108116
                 986             1.17028             1.20205          0.00108055
                 987             1.23521             1.20208          0.00107998
                 988             1.17329             1.20205          0.00107928
                 989             1.20409             1.20206          0.00107819
                 990             1.18115             1.20203           0.0010773
                 991             1.21648             1.20205          0.00107632
                 992              1.1965             1.20204          0.00107524
                 993             1.19187             1.20203          0.00107421
                 994              1.2127             1.20204          0.00107318
                 995              1.2207             1.20206          0.00107227
                 996              1.1873             1.20205          0.00107129
                 997             1.21475             1.20206           0.0010703
                 998             1.17469             1.20203          0.00106957
                 999             1.19846             1.20203          0.00106851
                1000             1.22742             1.20206          0.00106774
