                   1            -5.39861            -5.39861                   0
                   2            -5.45874            -5.42868           0.0212601
                   3            -5.46272            -5.44002           0.0169331
                   4            -5.44003            -5.44003           0.0126998
                   5            -5.45663            -5.44335           0.0105854
                   6            -5.45456            -5.44522          0.00898452
                   7            -5.45792            -5.44703          0.00788217
                   8            -5.45411            -5.44792          0.00694644
                   9            -5.45525            -5.44873          0.00622228
                  10            -5.45291            -5.44915           0.0056141
                  11            -5.45383            -5.44957          0.00511981
                  12            -5.44908            -5.44953          0.00469332
                  13            -5.46205             -5.4505          0.00442989
                  14            -5.44363            -5.45001          0.00414056
                  15            -5.46189             -5.4508          0.00393963
                  16            -5.44941            -5.45071          0.00369436
                  17            -5.45227             -5.4508          0.00347817
                  18            -5.44859            -5.45068          0.00328712
                  19            -5.46484            -5.45142          0.00319744
                  20            -5.44203            -5.45095          0.00307191
                  21            -5.45749            -5.45127          0.00294135
                  22            -5.45262            -5.45133          0.00280829
                  23            -5.44788            -5.45118          0.00269019
                  24            -5.46324            -5.45168          0.00262459
                  25            -5.44407            -5.45138           0.0025372
                  26            -5.45293            -5.45144          0.00244033
                  27            -5.45947            -5.45173          0.00236801
                  28             -5.4464            -5.45154          0.00229108
                  29            -5.45736            -5.45174          0.00222084
                  30            -5.45037             -5.4517          0.00214728
                  31            -5.46474            -5.45212          0.00211886
                  32            -5.44219            -5.45181          0.00207521
                  33            -5.45375            -5.45187          0.00201316
                  34            -5.46159            -5.45215          0.00197414
                  35            -5.44942            -5.45207          0.00191928
                  36            -5.44956              -5.452          0.00186724
                  37            -5.46072            -5.45224          0.00183157
                  38            -5.45042            -5.45219          0.00178399
                  39            -5.45096            -5.45216          0.00173853
                  40            -5.45194            -5.45216          0.00169508
                  41            -5.45571            -5.45224          0.00165595
                  42            -5.45336            -5.45227          0.00161674
                  43            -5.45669            -5.45237           0.0015824
                  44             -5.4555            -5.45244          0.00154803
                  45            -5.45964             -5.4526          0.00152187
                  46            -5.44737            -5.45249          0.00149302
                  47            -5.44712            -5.45237          0.00146561
                  48            -5.45615            -5.45245          0.00143719
                  49            -5.45747            -5.45256           0.0014115
                  50            -5.44341            -5.45237          0.00139506
                  51            -5.45243            -5.45237          0.00136771
                  52            -5.45581            -5.45244            0.001343
                  53             -5.4564            -5.45251          0.00131974
                  54            -5.44707            -5.45241          0.00129915
                  55            -5.44923            -5.45236          0.00127682
                  56            -5.45838            -5.45246          0.00125855
                  57            -5.45248            -5.45246          0.00123647
                  58             -5.4501            -5.45242          0.00121582
                  59            -5.46221            -5.45259          0.00120647
                  60            -5.43927            -5.45237          0.00120661
                  61            -5.45798            -5.45246          0.00119033
                  62            -5.45176            -5.45245          0.00117119
                  63            -5.45584             -5.4525          0.00115383
                  64            -5.45125            -5.45248          0.00113597
                  65              -5.453            -5.45249          0.00111852
                  66            -5.45717            -5.45256          0.00110382
                  67            -5.45569            -5.45261          0.00108833
                  68            -5.45306            -5.45261          0.00107235
                  69            -5.45738            -5.45268          0.00105903
                  70            -5.44988            -5.45264          0.00104466
                  71            -5.45223            -5.45264          0.00102997
                  72            -5.45164            -5.45262          0.00101575
                  73            -5.45255            -5.45262          0.00100184
                  74            -5.45131             -5.4526         0.000988458
                  75            -5.45422            -5.45263         0.000975512
                  76            -5.45426            -5.45265         0.000962914
                  77            -5.45203            -5.45264         0.000950442
                  78            -5.44292            -5.45251         0.000946388
                  79            -5.45558            -5.45255         0.000935203
                  80            -5.45252            -5.45255         0.000923513
                  81            -5.44948            -5.45252         0.000912893
                  82            -5.45714            -5.45257           0.0009035
                  83            -5.45164            -5.45256         0.000892684
                  84            -5.45555             -5.4526         0.000882767
                  85            -5.45114            -5.45258         0.000872547
                  86            -5.45822            -5.45264         0.000864867
                  87            -5.44937            -5.45261         0.000855745
                  88            -5.45029            -5.45258         0.000846427
                  89            -5.45132            -5.45257         0.000837035
                  90            -5.45734            -5.45262         0.000829416
                  91            -5.45156            -5.45261         0.000820384
                  92            -5.45214             -5.4526         0.000811482
                  93             -5.4643            -5.45273         0.000812441
                  94            -5.44539            -5.45265         0.000807539
                  95            -5.45391            -5.45266         0.000799148
                  96            -5.45534            -5.45269          0.00079131
                  97            -5.45084            -5.45267         0.000783382
                  98            -5.45493             -5.4527         0.000775726
                  99            -5.44687            -5.45264         0.000770121
                 100            -5.45695            -5.45268         0.000763628
                 101            -5.45133            -5.45267         0.000756184
                 102            -5.45144            -5.45265         0.000748866
                 103            -5.45896            -5.45272         0.000744093
                 104            -5.45041            -5.45269         0.000737269
                 105            -5.45094            -5.45268         0.000730436
                 106            -5.45843            -5.45273         0.000725562
                 107            -5.45423            -5.45275         0.000718915
                 108            -5.45424            -5.45276         0.000712393
                 109            -5.44596             -5.4527         0.000708582
                 110            -5.45754            -5.45274         0.000703506
                 111            -5.45074            -5.45272           0.0006974
                 112             -5.4599            -5.45279         0.000694111
                 113            -5.44245             -5.4527         0.000693965
                 114            -5.45656            -5.45273         0.000688707
                 115            -5.44603            -5.45267         0.000685177
                 116            -5.45879            -5.45272         0.000681297
                 117            -5.44999             -5.4527         0.000675874
                 118            -5.45595            -5.45273         0.000670708
                 119            -5.44862            -5.45269         0.000665959
                 120            -5.45876            -5.45274         0.000662328
                 121            -5.44981            -5.45272         0.000657298
                 122            -5.44859            -5.45269         0.000652781
                 123            -5.46881            -5.45282         0.000660513
                 124            -5.44778            -5.45278         0.000656433
                 125            -5.44537            -5.45272         0.000653851
                 126            -5.45898            -5.45277         0.000650547
                 127            -5.45641             -5.4528         0.000646056
                 128            -5.44751            -5.45275         0.000642328
                 129             -5.4534            -5.45276         0.000637369
                 130            -5.45503            -5.45278         0.000632706
                 131            -5.45384            -5.45278         0.000627928
                 132            -5.44526            -5.45273         0.000625756
                 133            -5.45794            -5.45277         0.000622278
                 134            -5.46085            -5.45283         0.000620554
                 135            -5.44357            -5.45276         0.000619734
                 136            -5.45608            -5.45278         0.000615658
                 137            -5.44585            -5.45273          0.00061324
                 138            -5.46032            -5.45279         0.000611253
                 139            -5.45016            -5.45277         0.000607148
                 140            -5.45651             -5.4528         0.000603399
                 141            -5.44813            -5.45276         0.000600027
                 142            -5.46052            -5.45282         0.000598284
                 143            -5.45438            -5.45283           0.0005942
                 144            -5.45134            -5.45282         0.000590164
                 145            -5.45038             -5.4528         0.000586334
                 146            -5.45726            -5.45283         0.000583114
                 147             -5.4587            -5.45287         0.000580514
                 148            -5.44403            -5.45281         0.000579659
                 149            -5.45665            -5.45284         0.000576342
                 150            -5.45497            -5.45285         0.000572675
                 151            -5.44762            -5.45282         0.000569931
                 152             -5.4556            -5.45284         0.000566476
                 153            -5.44883            -5.45281         0.000563378
                 154            -5.45894            -5.45285         0.000561125
                 155            -5.44821            -5.45282         0.000558302
                 156            -5.45554            -5.45284         0.000554995
                 157            -5.44986            -5.45282         0.000551784
                 158            -5.45815            -5.45285         0.000549322
                 159            -5.44989            -5.45283         0.000546184
                 160            -5.45509            -5.45285         0.000542952
                 161            -5.45028            -5.45283         0.000539814
                 162            -5.45667            -5.45285         0.000537002
                 163            -5.45473            -5.45287         0.000533831
                 164            -5.45549            -5.45288         0.000530815
                 165            -5.45773            -5.45291         0.000528411
                 166            -5.44926            -5.45289         0.000525685
                 167            -5.45074            -5.45288         0.000522695
                 168            -5.44794            -5.45285          0.00052041
                 169            -5.45931            -5.45289         0.000518734
                 170            -5.45929            -5.45292          0.00051705
                 171            -5.44456            -5.45287         0.000516335
                 172            -5.44602            -5.45283         0.000514867
                 173            -5.45207            -5.45283          0.00051191
                 174             -5.4522            -5.45283         0.000508981
                 175            -5.45456            -5.45284         0.000506169
                 176            -5.45296            -5.45284         0.000503293
                 177            -5.45791            -5.45287         0.000501265
                 178            -5.45219            -5.45286         0.000498464
                 179            -5.45028            -5.45285         0.000495887
                 180            -5.45221            -5.45284         0.000493145
                 181            -5.45566            -5.45286         0.000490666
                 182            -5.45276            -5.45286         0.000487971
                 183            -5.45411            -5.45287         0.000485352
                 184            -5.45867             -5.4529         0.000483737
                 185            -5.44882            -5.45287         0.000481623
                 186            -5.45535            -5.45289         0.000479217
                 187            -5.44761            -5.45286         0.000477486
                 188            -5.46694            -5.45293         0.000480786
                 189            -5.44376            -5.45289         0.000480688
                 190            -5.45065            -5.45287         0.000478302
                 191            -5.45698             -5.4529         0.000476281
                 192            -5.44147            -5.45284         0.000477505
                 193            -5.46289            -5.45289         0.000477863
                 194            -5.44969            -5.45287         0.000475685
                 195             -5.4587             -5.4529         0.000474183
                 196            -5.44577            -5.45287         0.000473159
                 197            -5.46318            -5.45292         0.000473646
                 198            -5.44717            -5.45289         0.000472142
                 199             -5.4668            -5.45296         0.000474913
                 200            -5.44931            -5.45294         0.000472889
                 201            -5.45587            -5.45296          0.00047076
                 202            -5.45678            -5.45297          0.00046881
                 203            -5.44713            -5.45295         0.000467384
                 204            -5.45373            -5.45295         0.000465109
                 205            -5.44929            -5.45293         0.000463182
                 206            -5.45263            -5.45293         0.000460935
                 207            -5.44711             -5.4529         0.000459565
                 208            -5.46697            -5.45297         0.000462308
                 209            -5.45108            -5.45296         0.000460184
                 210            -5.44772            -5.45294         0.000458669
                 211            -5.45621            -5.45295         0.000456757
                 212            -5.45642            -5.45297         0.000454895
                 213            -5.45366            -5.45297         0.000452771
                 214            -5.45243            -5.45297         0.000450662
                 215            -5.45291            -5.45297         0.000448566
                 216            -5.45743            -5.45299         0.000446965
                 217            -5.44433            -5.45295         0.000446684
                 218            -5.45558            -5.45296         0.000444798
                 219            -5.45872            -5.45299         0.000443544
                 220            -5.45514              -5.453         0.000441635
                 221             -5.4463            -5.45297         0.000440675
                 222            -5.45371            -5.45297         0.000438703
                 223            -5.45218            -5.45297          0.00043675
                 224            -5.45872            -5.45299         0.000435554
                 225            -5.44614            -5.45296         0.000434682
                 226             -5.4561            -5.45298          0.00043298
                 227             -5.4474            -5.45295         0.000431769
                 228            -5.46225            -5.45299         0.000431798
                 229            -5.45013            -5.45298         0.000430094
                 230            -5.45724              -5.453         0.000428623
                 231            -5.44934            -5.45298         0.000427059
                 232            -5.46236            -5.45302         0.000427127
                 233            -5.45585            -5.45303         0.000425467
                 234            -5.45698            -5.45305         0.000423983
                 235            -5.45042            -5.45304         0.000422326
                 236            -5.45103            -5.45303         0.000420622
                 237            -5.45444            -5.45304         0.000418889
                 238            -5.44937            -5.45302         0.000417413
                 239            -5.44952            -5.45301         0.000415924
                 240            -5.45365            -5.45301         0.000414199
                 241            -5.45815            -5.45303          0.00041303
                 242            -5.44625              -5.453         0.000412272
                 243            -5.45791            -5.45302          0.00041107
                 244            -5.45305            -5.45302         0.000409385
                 245            -5.45032            -5.45301         0.000407863
                 246            -5.45772            -5.45303         0.000406654
                 247            -5.45692            -5.45305         0.000405311
                 248            -5.45291            -5.45305         0.000403677
                 249            -5.45535            -5.45306         0.000402162
                 250            -5.45036            -5.45305         0.000400698
                 251            -5.45712            -5.45306         0.000399431
                 252            -5.45604            -5.45307          0.00039802
                 253            -5.45809            -5.45309         0.000396941
                 254            -5.44277            -5.45305         0.000397452
                 255            -5.45827            -5.45307         0.000396419
                 256            -5.45689            -5.45309         0.000395151
                 257            -5.45799            -5.45311         0.000394074
                 258            -5.44593            -5.45308         0.000393528
                 259             -5.4567            -5.45309         0.000392256
                 260            -5.45084            -5.45308         0.000390844
                 261            -5.45207            -5.45308         0.000389365
                 262            -5.45001            -5.45307         0.000388055
                 263            -5.46169             -5.4531         0.000387961
                 264            -5.44523            -5.45307         0.000387635
                 265            -5.45643            -5.45308         0.000386379
                 266            -5.45072            -5.45308         0.000385029
                 267            -5.45298            -5.45308         0.000383587
                 268            -5.46188            -5.45311         0.000383559
                 269            -5.44219            -5.45307         0.000384275
                 270            -5.45921            -5.45309         0.000383524
                 271            -5.45262            -5.45309         0.000382112
                 272            -5.45664             -5.4531          0.00038093
                 273            -5.45032            -5.45309         0.000379671
                 274            -5.45294            -5.45309         0.000378286
                 275            -5.46299            -5.45313         0.000378621
                 276            -5.44774            -5.45311         0.000377752
                 277            -5.44826            -5.45309         0.000376792
                 278            -5.45923            -5.45311         0.000376084
                 279            -5.45203            -5.45311         0.000374756
                 280            -5.44981             -5.4531         0.000373603
                 281            -5.45899            -5.45312         0.000372862
                 282            -5.45465            -5.45312          0.00037158
                 283            -5.44744             -5.4531         0.000370809
                 284            -5.45914            -5.45312         0.000370112
                 285            -5.45528            -5.45313          0.00036889
                 286            -5.44811            -5.45311         0.000368018
                 287            -5.46167            -5.45314          0.00036794
                 288            -5.44796            -5.45313         0.000367103
                 289            -5.45354            -5.45313         0.000365836
                 290            -5.45554            -5.45314         0.000364669
                 291            -5.45333            -5.45314         0.000363416
                 292            -5.45261            -5.45313         0.000362176
                 293            -5.45109            -5.45313         0.000361007
                 294            -5.45788            -5.45314         0.000360141
                 295            -5.45374            -5.45315         0.000358926
                 296            -5.45262            -5.45314         0.000357718
                 297            -5.46364            -5.45318         0.000358255
                 298            -5.44512            -5.45315         0.000358072
                 299            -5.45679            -5.45316         0.000357082
                 300            -5.45181            -5.45316          0.00035592
                 301            -5.44849            -5.45314         0.000355075
                 302            -5.45473            -5.45315         0.000353938
                 303            -5.45971            -5.45317         0.000353431
                 304            -5.44328            -5.45314         0.000353763
                 305            -5.45418            -5.45314          0.00035262
                 306            -5.45521            -5.45315         0.000351532
                 307            -5.45166            -5.45314         0.000350421
                 308            -5.45476            -5.45315         0.000349323
                 309            -5.45431            -5.45315         0.000348212
                 310             -5.4489            -5.45314         0.000347359
                 311            -5.45019            -5.45313         0.000346372
                 312            -5.45347            -5.45313         0.000345263
                 313            -5.45717            -5.45314         0.000344401
                 314            -5.45873            -5.45316         0.000343764
                 315            -5.44487            -5.45314         0.000343678
                 316            -5.45603            -5.45314         0.000342712
                 317             -5.4514            -5.45314         0.000341675
                 318            -5.45493            -5.45314         0.000340647
                 319            -5.45377            -5.45315         0.000339585
                 320            -5.45561            -5.45315         0.000338611
                 321            -5.45395            -5.45316         0.000337565
                 322            -5.45126            -5.45315         0.000336568
                 323            -5.45496            -5.45316         0.000335573
                 324            -5.45191            -5.45315         0.000334559
                 325            -5.45598            -5.45316         0.000333643
                 326            -5.45676            -5.45317         0.000332803
                 327            -5.46067             -5.4532         0.000332573
                 328             -5.4481            -5.45318         0.000331922
                 329            -5.45692            -5.45319         0.000331108
                 330            -5.45004            -5.45318         0.000330242
                 331             -5.4588             -5.4532         0.000329681
                 332              -5.446            -5.45318           0.0003294
                 333            -5.45814            -5.45319         0.000328747
                 334            -5.45906            -5.45321         0.000328232
                 335            -5.45438            -5.45321         0.000327271
                 336            -5.44661            -5.45319         0.000326886
                 337            -5.45479             -5.4532         0.000325951
                 338            -5.45017            -5.45319         0.000325109
                 339             -5.4624            -5.45322         0.000325283
                 340             -5.4458            -5.45319         0.000325057
                 341            -5.45564             -5.4532         0.000324182
                 342            -5.44822            -5.45319         0.000323562
                 343            -5.45378            -5.45319         0.000322623
                 344            -5.44672            -5.45317         0.000322232
                 345             -5.4607            -5.45319         0.000322037
                 346            -5.44991            -5.45318         0.000321247
                 347            -5.45718            -5.45319         0.000320527
                 348             -5.4572            -5.45321         0.000319813
                 349            -5.44853            -5.45319         0.000319177
                 350            -5.44532            -5.45317         0.000319056
                 351            -5.45605            -5.45318         0.000318252
                 352            -5.45987             -5.4532         0.000317915
                 353            -5.44691            -5.45318         0.000317513
                 354             -5.4661            -5.45322         0.000318708
                 355            -5.44734             -5.4532          0.00031824
                 356            -5.45684            -5.45321          0.00031751
                 357            -5.44877             -5.4532         0.000316864
                 358            -5.45374             -5.4532         0.000315983
                 359            -5.45231             -5.4532         0.000315112
                 360            -5.45637             -5.4532          0.00031436
                 361            -5.45379            -5.45321         0.000313494
                 362            -5.45167             -5.4532         0.000312656
                 363            -5.45885            -5.45322         0.000312182
                 364            -5.44977            -5.45321         0.000311468
                 365            -5.44948             -5.4532         0.000310781
                 366              -5.453             -5.4532         0.000309933
                 367             -5.4501            -5.45319         0.000309203
                 368            -5.46275            -5.45321         0.000309453
                 369            -5.45703            -5.45322         0.000308787
                 370            -5.43481            -5.45318          0.00031194
                 371            -5.46218             -5.4532         0.000312043
                 372            -5.45222             -5.4532         0.000311215
                 373            -5.45206            -5.45319         0.000310396
                 374            -5.45513             -5.4532         0.000309609
                 375            -5.45732            -5.45321         0.000308978
                 376            -5.44926             -5.4532         0.000308335
                 377            -5.45179             -5.4532          0.00030754
                 378            -5.45677            -5.45321         0.000306872
                 379            -5.44573            -5.45319         0.000306695
                 380            -5.45839             -5.4532         0.000306194
                 381              -5.448            -5.45319         0.000305694
                 382            -5.45089            -5.45318         0.000304953
                 383            -5.45444            -5.45318         0.000304174
                 384            -5.46205            -5.45321         0.000304258
                 385            -5.44605            -5.45319         0.000304036
                 386            -5.45203            -5.45318         0.000303263
                 387            -5.46098             -5.4532         0.000303147
                 388            -5.44761            -5.45319         0.000302708
                 389            -5.44888            -5.45318         0.000302133
                 390             -5.4604             -5.4532         0.000301925
                 391            -5.44534            -5.45318          0.00030182
                 392            -5.45613            -5.45318         0.000301143
                 393            -5.45677            -5.45319         0.000300515
                 394            -5.45182            -5.45319         0.000299772
                 395             -5.4546            -5.45319         0.000299035
                 396            -5.44142            -5.45316         0.000299754
                 397            -5.46234            -5.45319         0.000299889
                 398              -5.448            -5.45317         0.000299419
                 399            -5.45874            -5.45319         0.000298993
                 400            -5.44664            -5.45317         0.000298693
                 401            -5.46424             -5.4532          0.00029922
                 402            -5.45006            -5.45319         0.000298578
                 403            -5.45464             -5.4532         0.000297858
                 404            -5.45123            -5.45319         0.000297161
                 405            -5.45317            -5.45319         0.000296427
                 406            -5.44787            -5.45318         0.000295986
                 407             -5.4609             -5.4532         0.000295866
                 408            -5.45372             -5.4532         0.000295144
                 409            -5.44834            -5.45319         0.000294662
                 410            -5.45133            -5.45318         0.000293978
                 411            -5.45566            -5.45319         0.000293325
                 412            -5.45454            -5.45319         0.000292631
                 413            -5.45351            -5.45319         0.000291923
                 414            -5.44922            -5.45318         0.000291376
                 415            -5.46021             -5.4532         0.000291165
                 416            -5.44412            -5.45318         0.000291281
                 417            -5.45719            -5.45319         0.000290742
                 418            -5.45249            -5.45318         0.000290051
                 419            -5.45349            -5.45319          0.00028936
                 420            -5.45461            -5.45319         0.000288691
                 421            -5.44883            -5.45318         0.000288191
                 422            -5.46059             -5.4532         0.000288043
                 423            -5.44542            -5.45318         0.000287949
                 424            -5.45556            -5.45318         0.000287324
                 425            -5.44758            -5.45317         0.000286951
                 426            -5.46286            -5.45319         0.000287178
                 427            -5.44409            -5.45317         0.000287295
                 428            -5.45402            -5.45317          0.00028663
                 429            -5.45631            -5.45318         0.000286056
                 430            -5.45045            -5.45317         0.000285461
                 431            -5.45687            -5.45318         0.000284927
                 432            -5.44356            -5.45316         0.000285138
                 433            -5.45374            -5.45316         0.000284483
                 434            -5.46645            -5.45319         0.000285469
                 435            -5.43596            -5.45315          0.00028755
                 436            -5.46954            -5.45319         0.000289336
                 437            -5.44719            -5.45318         0.000288999
                 438            -5.45927            -5.45319         0.000288674
                 439            -5.44625            -5.45318          0.00028845
                 440            -5.44757            -5.45316         0.000288075
                 441            -5.45632            -5.45317          0.00028751
                 442            -5.45479            -5.45317         0.000286883
                 443            -5.44996            -5.45317         0.000286328
                 444             -5.4502            -5.45316          0.00028576
                 445            -5.46096            -5.45318         0.000285656
                 446            -5.44953            -5.45317         0.000285132
                 447            -5.44806            -5.45316         0.000284723
                 448            -5.46212            -5.45318         0.000284789
                 449            -5.44294            -5.45315         0.000285066
                 450            -5.45559            -5.45316         0.000284484
                 451              -5.454            -5.45316         0.000283859
                 452            -5.45269            -5.45316         0.000283233
                 453            -5.45703            -5.45317         0.000282736
                 454            -5.44952            -5.45316         0.000282227
                 455            -5.45313            -5.45316         0.000281607
                 456            -5.45373            -5.45316         0.000280992
                 457            -5.44966            -5.45315         0.000280482
                 458            -5.45535            -5.45316          0.00027991
                 459            -5.45468            -5.45316          0.00027932
                 460            -5.45306            -5.45316         0.000278713
                 461            -5.44938            -5.45315         0.000278229
                 462            -5.45353            -5.45316         0.000277628
                 463            -5.45161            -5.45315         0.000277049
                 464            -5.45258            -5.45315         0.000276454
                 465            -5.45136            -5.45315         0.000275887
                 466            -5.45497            -5.45315         0.000275322
                 467            -5.45221            -5.45315          0.00027474
                 468            -5.44421            -5.45313         0.000274816
                 469            -5.45384            -5.45313         0.000274234
                 470            -5.45836            -5.45314         0.000273876
                 471            -5.45037            -5.45314         0.000273358
                 472            -5.45567            -5.45314         0.000272832
                 473            -5.44781            -5.45313         0.000272488
                 474            -5.44969            -5.45312         0.000272009
                 475            -5.45031            -5.45312         0.000271501
                 476            -5.45227            -5.45312         0.000270937
                 477            -5.44823            -5.45311         0.000270562
                 478            -5.44833             -5.4531          0.00027018
                 479            -5.46064            -5.45311         0.000270075
                 480            -5.45653            -5.45312         0.000269606
                 481            -5.44931            -5.45311         0.000269161
                 482            -5.45396            -5.45311         0.000268609
                 483            -5.45015            -5.45311         0.000268123
                 484            -5.45005             -5.4531         0.000267643
                 485            -5.45485             -5.4531         0.000267116
                 486            -5.44662            -5.45309         0.000266899
                 487            -5.45885             -5.4531         0.000266613
                 488            -5.44945            -5.45309         0.000266171
                 489            -5.45048            -5.45309         0.000265681
                 490            -5.45044            -5.45308         0.000265193
                 491            -5.45193            -5.45308         0.000264664
                 492            -5.45522            -5.45309         0.000264161
                 493            -5.44749            -5.45307         0.000263869
                 494            -5.46336            -5.45309         0.000264156
                 495            -5.45151            -5.45309         0.000263641
                 496            -5.45144            -5.45309         0.000263131
                 497            -5.44561            -5.45307         0.000263031
                 498            -5.45814            -5.45308         0.000262699
                 499            -5.44742            -5.45307         0.000262418
                 500             -5.4583            -5.45308         0.000262102
                 501            -5.45524            -5.45309         0.000261614
                 502            -5.44947            -5.45308         0.000261192
                 503            -5.45487            -5.45308         0.000260697
                 504            -5.45315            -5.45308         0.000260179
                 505            -5.45128            -5.45308         0.000259689
                 506            -5.45846            -5.45309         0.000259393
                 507            -5.44642            -5.45308         0.000259215
                 508            -5.45794            -5.45309         0.000258881
                 509             -5.4556            -5.45309          0.00025842
                 510            -5.45315            -5.45309         0.000257913
                 511              -5.459             -5.4531         0.000257668
                 512            -5.44417            -5.45309         0.000257754
                 513            -5.46167             -5.4531         0.000257795
                 514            -5.44756            -5.45309         0.000257519
                 515            -5.45487             -5.4531         0.000257042
                 516            -5.45703             -5.4531         0.000256657
                 517            -5.45342             -5.4531         0.000256161
                 518            -5.45168             -5.4531         0.000255682
                 519            -5.44399            -5.45308         0.000255791
                 520            -5.45894            -5.45309         0.000255547
                 521            -5.45325            -5.45309         0.000255056
                 522             -5.4579             -5.4531         0.000254734
                 523            -5.44773            -5.45309         0.000254454
                 524            -5.45097            -5.45309         0.000254001
                 525            -5.45014            -5.45308         0.000253579
                 526            -5.45769            -5.45309         0.000253248
                 527            -5.44548            -5.45308          0.00025318
                 528            -5.45919            -5.45309         0.000252965
                 529            -5.45388            -5.45309         0.000252491
                 530            -5.44591            -5.45308         0.000252378
                 531            -5.44921            -5.45307         0.000252007
                 532            -5.45653            -5.45308         0.000251618
                 533            -5.44382            -5.45306         0.000251744
                 534            -5.45429            -5.45306         0.000251284
                 535             -5.4504            -5.45306         0.000250863
                 536            -5.45535            -5.45306         0.000250432
                 537            -5.45345            -5.45306         0.000249966
                 538            -5.44861            -5.45305         0.000249639
                 539            -5.45488            -5.45306         0.000249198
                 540            -5.45212            -5.45306         0.000248743
                 541            -5.45567            -5.45306          0.00024833
                 542            -5.45369            -5.45306         0.000247875
                 543            -5.45981            -5.45307         0.000247729
                 544            -5.44878            -5.45307           0.0002474
                 545            -5.45662            -5.45307         0.000247031
                 546            -5.45445            -5.45308         0.000246592
                 547             -5.4492            -5.45307         0.000246243
                 548            -5.45053            -5.45306         0.000245837
                 549            -5.45086            -5.45306         0.000245422
                 550            -5.46266            -5.45308         0.000245596
                 551            -5.44642            -5.45306         0.000245447
                 552            -5.46013            -5.45308         0.000245336
                 553            -5.45034            -5.45307         0.000244942
                 554            -5.44872            -5.45306         0.000244626
                 555            -5.45898            -5.45308         0.000244417
                 556            -5.45154            -5.45307         0.000243993
                 557            -5.45457            -5.45308          0.00024357
                 558            -5.45853            -5.45309          0.00024333
                 559            -5.45328            -5.45309         0.000242895
                 560            -5.44794            -5.45308         0.000242635
                 561            -5.45857            -5.45309           0.0002424
                 562            -5.44802            -5.45308         0.000242136
                 563            -5.45138            -5.45307         0.000241725
                 564            -5.45304            -5.45307         0.000241296
                 565            -5.45231            -5.45307         0.000240873
                 566            -5.45101            -5.45307         0.000240475
                 567            -5.46599            -5.45309         0.000241129
                 568            -5.45168            -5.45309         0.000240717
                 569            -5.44939            -5.45308         0.000240381
                 570            -5.45436            -5.45309          0.00023997
                 571            -5.45495            -5.45309         0.000239572
                 572            -5.44719            -5.45308         0.000239375
                 573            -5.45252            -5.45308         0.000238959
                 574            -5.46303            -5.45309         0.000239171
                 575            -5.45345            -5.45309         0.000238756
                 576            -5.45082            -5.45309         0.000238374
                 577            -5.44929            -5.45308         0.000238052
                 578            -5.46263             -5.4531         0.000238212
                 579            -5.45048             -5.4531         0.000237844
                 580            -5.45535             -5.4531         0.000237466
                 581            -5.45595            -5.45311         0.000237107
                 582            -5.45603            -5.45311         0.000236753
                 583            -5.44748             -5.4531         0.000236544
                 584            -5.45668            -5.45311         0.000236219
                 585            -5.45005             -5.4531         0.000235873
                 586            -5.45666            -5.45311         0.000235548
                 587            -5.44651             -5.4531         0.000235415
                 588             -5.4541             -5.4531         0.000235021
                 589            -5.45676             -5.4531         0.000234704
                 590            -5.44471            -5.45309         0.000234738
                 591            -5.45499            -5.45309         0.000234363
                 592            -5.45444             -5.4531         0.000233978
                 593            -5.45269            -5.45309         0.000233584
                 594            -5.45544             -5.4531         0.000233224
                 595            -5.44894            -5.45309         0.000232937
                 596             -5.4532            -5.45309         0.000232546
                 597            -5.44817            -5.45308         0.000232303
                 598            -5.45398            -5.45309         0.000231919
                 599            -5.45027            -5.45308          0.00023158
                 600            -5.45737            -5.45309         0.000231304
                 601            -5.44586            -5.45308         0.000231232
                 602            -5.45253            -5.45307          0.00023085
                 603            -5.45299            -5.45307         0.000230467
                 604             -5.4526            -5.45307         0.000230087
                 605            -5.45448            -5.45308         0.000229718
                 606            -5.44863            -5.45307         0.000229456
                 607            -5.45466            -5.45307         0.000229093
                 608            -5.45582            -5.45308         0.000228761
                 609            -5.45198            -5.45307         0.000228393
                 610            -5.44871            -5.45307          0.00022813
                 611            -5.45276            -5.45307         0.000227758
                 612            -5.45804            -5.45307          0.00022753
                 613             -5.4497            -5.45307         0.000227226
                 614            -5.45243            -5.45307         0.000226858
                 615            -5.45309            -5.45307         0.000226489
                 616            -5.44882            -5.45306         0.000226226
                 617            -5.45874            -5.45307         0.000226047
                 618            -5.44567            -5.45306         0.000225998
                 619            -5.45436            -5.45306         0.000225643
                 620            -5.45253            -5.45306          0.00022528
                 621             -5.4547            -5.45306         0.000224933
                 622            -5.45602            -5.45307         0.000224622
                 623            -5.45602            -5.45307         0.000224311
                 624            -5.45282            -5.45307         0.000223952
                 625            -5.44736            -5.45306          0.00022378
                 626            -5.45794            -5.45307         0.000223558
                 627            -5.45405            -5.45307         0.000223207
                 628            -5.45362            -5.45307         0.000222854
                 629            -5.45266            -5.45307           0.0002225
                 630            -5.44484            -5.45306          0.00022253
                 631            -5.45667            -5.45306         0.000222251
                 632            -5.44893            -5.45306         0.000221995
                 633            -5.45818            -5.45307         0.000221792
                 634             -5.4466            -5.45306         0.000221676
                 635            -5.45856            -5.45306         0.000221496
                 636            -5.45212            -5.45306         0.000221153
                 637            -5.44515            -5.45305         0.000221155
                 638            -5.46395            -5.45307         0.000221467
                 639            -5.44571            -5.45306         0.000221419
                 640            -5.45091            -5.45305         0.000221098
                 641            -5.45582            -5.45306         0.000220796
                 642            -5.45155            -5.45305         0.000220464
                 643            -5.44785            -5.45305          0.00022027
                 644            -5.46042            -5.45306         0.000220225
                 645             -5.4485            -5.45305         0.000219997
                 646            -5.46233            -5.45307         0.000220126
                 647             -5.4455            -5.45305         0.000220096
                 648            -5.46408            -5.45307         0.000220413
                 649            -5.44534            -5.45306         0.000220395
                 650            -5.45132            -5.45306         0.000220072
                 651            -5.44963            -5.45305         0.000219797
                 652            -5.45654            -5.45306         0.000219525
                 653            -5.44662            -5.45305          0.00021941
                 654            -5.45582            -5.45305         0.000219116
                 655            -5.45275            -5.45305         0.000218782
                 656            -5.45436            -5.45305         0.000218457
                 657            -5.44354            -5.45304         0.000218604
                 658            -5.45935            -5.45305         0.000218482
                 659             -5.4547            -5.45305         0.000218165
                 660            -5.45195            -5.45305         0.000217841
                 661            -5.45741            -5.45305         0.000217611
                 662            -5.45085            -5.45305         0.000217308
                 663            -5.45434            -5.45305         0.000216989
                 664            -5.44609            -5.45304         0.000216915
                 665            -5.45212            -5.45304         0.000216593
                 666            -5.45249            -5.45304          0.00021627
                 667            -5.45451            -5.45304         0.000215957
                 668            -5.45044            -5.45304         0.000215669
                 669            -5.45302            -5.45304         0.000215346
                 670            -5.45345            -5.45304         0.000215026
                 671            -5.45925            -5.45305         0.000214904
                 672            -5.43714            -5.45303         0.000215884
                 673            -5.46273            -5.45304         0.000216044
                 674            -5.45031            -5.45304         0.000215762
                 675            -5.44424            -5.45302         0.000215835
                 676            -5.45302            -5.45302         0.000215516
                 677            -5.45723            -5.45303         0.000215287
                 678            -5.44906            -5.45302         0.000215049
                 679            -5.44669            -5.45301         0.000214935
                 680            -5.46262            -5.45303         0.000215082
                 681            -5.44622            -5.45302         0.000214999
                 682            -5.45352            -5.45302         0.000214685
                 683            -5.45687            -5.45302         0.000214444
                 684            -5.44161            -5.45301          0.00021478
                 685            -5.45921            -5.45302         0.000214657
                 686            -5.45278            -5.45302         0.000214344
                 687            -5.45272            -5.45302         0.000214033
                 688            -5.45787            -5.45302         0.000213838
                 689            -5.44653            -5.45301         0.000213735
                 690            -5.45401            -5.45301          0.00021343
                 691            -5.46041            -5.45303          0.00021339
                 692            -5.45137            -5.45302         0.000213095
                 693            -5.44778            -5.45302         0.000212922
                 694            -5.45575            -5.45302         0.000212651
                 695            -5.45283            -5.45302         0.000212345
                 696            -5.45766            -5.45303         0.000212145
                 697             -5.4444            -5.45301         0.000212201
                 698            -5.45564            -5.45302         0.000211931
                 699            -5.45331            -5.45302         0.000211628
                 700             -5.4513            -5.45302          0.00021134
                 701             -5.4549            -5.45302         0.000211056
                 702            -5.45025            -5.45301         0.000210792
                 703             -5.4603            -5.45302         0.000210746
                 704             -5.4475            -5.45302         0.000210593
                 705            -5.45347            -5.45302         0.000210295
                 706            -5.45072            -5.45301         0.000210022
                 707            -5.45755            -5.45302         0.000209823
                 708            -5.45165            -5.45302         0.000209536
                 709            -5.45273            -5.45302         0.000209241
                 710            -5.44647            -5.45301         0.000209149
                 711            -5.45695            -5.45301         0.000208928
                 712            -5.46019            -5.45302         0.000208878
                 713            -5.44672            -5.45302         0.000208772
                 714            -5.44532              -5.453         0.000208757
                 715             -5.4581            -5.45301         0.000208587
                 716            -5.44588              -5.453         0.000208534
                 717            -5.45314              -5.453         0.000208243
                 718            -5.44809              -5.453         0.000208065
                 719            -5.46068            -5.45301          0.00020805
                 720            -5.45252            -5.45301         0.000207763
                 721            -5.44643              -5.453         0.000207674
                 722            -5.45586              -5.453         0.000207424
                 723            -5.45757            -5.45301         0.000207234
                 724            -5.45417            -5.45301         0.000206954
                 725            -5.45192            -5.45301         0.000206674
                 726            -5.45021              -5.453         0.000206425
                 727            -5.44872              -5.453         0.000206225
                 728             -5.4578              -5.453         0.000206047
                 729            -5.44907              -5.453         0.000205835
                 730            -5.45374              -5.453         0.000205556
                 731             -5.4522              -5.453         0.000205277
                 732            -5.45678              -5.453         0.000205062
                 733            -5.45608            -5.45301         0.000204825
                 734            -5.44881              -5.453         0.000204626
                 735              -5.452              -5.453         0.000204352
                 736            -5.45461              -5.453         0.000204086
                 737            -5.45166              -5.453         0.000203817
                 738            -5.45545              -5.453         0.000203568
                 739             -5.4494              -5.453         0.000203351
                 740            -5.45849            -5.45301         0.000203212
                 741            -5.45142              -5.453         0.000202949
                 742            -5.45783            -5.45301          0.00020278
                 743            -5.45001            -5.45301         0.000202547
                 744            -5.45785            -5.45301         0.000202379
                 745            -5.45128            -5.45301         0.000202121
                 746            -5.45287            -5.45301          0.00020185
                 747            -5.45402            -5.45301         0.000201584
                 748            -5.46071            -5.45302         0.000201577
                 749            -5.44504            -5.45301         0.000201589
                 750            -5.45773            -5.45302         0.000201419
                 751            -5.45286            -5.45302         0.000201151
                 752            -5.45268            -5.45302         0.000200884
                 753            -5.44785            -5.45301         0.000200734
                 754            -5.45919            -5.45302         0.000200635
                 755            -5.45024            -5.45301         0.000200403
                 756            -5.44981            -5.45301         0.000200183
                 757             -5.4553            -5.45301         0.000199941
                 758            -5.45129            -5.45301          0.00019969
                 759            -5.45921            -5.45302         0.000199594
                 760            -5.45015            -5.45302         0.000199367
                 761            -5.45084            -5.45301         0.000199126
                 762             -5.4473            -5.45301         0.000199005
                 763            -5.45878            -5.45301         0.000198889
                 764            -5.45456            -5.45302         0.000198639
                 765            -5.44863            -5.45301         0.000198462
                 766            -5.45225            -5.45301         0.000198205
                 767            -5.45604            -5.45301         0.000197986
                 768             -5.4536            -5.45301          0.00019773
                 769            -5.45662            -5.45302         0.000197528
                 770            -5.44541            -5.45301         0.000197519
                 771            -5.45725            -5.45301         0.000197339
                 772            -5.45561            -5.45302         0.000197112
                 773            -5.44461            -5.45301         0.000197157
                 774            -5.45607            -5.45301         0.000196942
                 775            -5.45165            -5.45301         0.000196696
                 776            -5.45182            -5.45301         0.000196449
                 777             -5.4581            -5.45301         0.000196305
                 778            -5.45303            -5.45301         0.000196053
                 779            -5.45559            -5.45302         0.000195829
                 780            -5.44999            -5.45301         0.000195616
                 781            -5.44951            -5.45301         0.000195417
                 782            -5.46192            -5.45302           0.0001955
                 783            -5.44486            -5.45301         0.000195527
                 784            -5.45269            -5.45301         0.000195278
                 785            -5.44918              -5.453          0.00019509
                 786            -5.46297            -5.45302         0.000195253
                 787            -5.45333            -5.45302         0.000195006
                 788            -5.45463            -5.45302         0.000194769
                 789            -5.44633            -5.45301         0.000194707
                 790            -5.46152            -5.45302         0.000194758
                 791            -5.46121            -5.45303         0.000194786
                 792            -5.44419            -5.45302          0.00019486
                 793             -5.4472            -5.45301         0.000194752
                 794            -5.45822            -5.45302         0.000194617
                 795            -5.44968            -5.45302         0.000194418
                 796            -5.45635            -5.45302         0.000194219
                 797            -5.45898            -5.45303         0.000194119
                 798            -5.45292            -5.45303         0.000193876
                 799            -5.44859            -5.45302         0.000193713
                 800            -5.45537            -5.45302         0.000193493
                 801             -5.4541            -5.45303         0.000193256
                 802            -5.45551            -5.45303          0.00019304
                 803            -5.44916            -5.45302          0.00019286
                 804            -5.45832            -5.45303         0.000192732
                 805            -5.44413            -5.45302          0.00019281
                 806            -5.46484            -5.45303         0.000193128
                 807            -5.44386            -5.45302         0.000193222
                 808            -5.46231            -5.45303         0.000193325
                 809            -5.44531            -5.45302         0.000193322
                 810            -5.45519            -5.45303         0.000193101
                 811            -5.45539            -5.45303         0.000192885
                 812             -5.4539            -5.45303         0.000192651
                 813            -5.45477            -5.45303         0.000192425
                 814            -5.45505            -5.45304         0.000192205
                 815            -5.45368            -5.45304         0.000191971
                 816            -5.45472            -5.45304         0.000191747
                 817            -5.44992            -5.45304          0.00019155
                 818            -5.45581            -5.45304         0.000191346
                 819            -5.45114            -5.45304         0.000191126
                 820            -5.45188            -5.45303         0.000190898
                 821            -5.45721            -5.45304         0.000190733
                 822            -5.45231            -5.45304         0.000190503
                 823            -5.44743            -5.45303         0.000190394
                 824            -5.45833            -5.45304         0.000190271
                 825            -5.45098            -5.45304         0.000190057
                 826            -5.45466            -5.45304         0.000189837
                 827            -5.45318            -5.45304         0.000189608
                 828            -5.45437            -5.45304         0.000189386
                 829             -5.4534            -5.45304         0.000189158
                 830            -5.44531            -5.45303         0.000189159
                 831            -5.45148            -5.45303          0.00018894
                 832             -5.4547            -5.45303         0.000188724
                 833            -5.46005            -5.45304         0.000188686
                 834            -5.45205            -5.45304         0.000188463
                 835            -5.44973            -5.45303         0.000188279
                 836            -5.45488            -5.45304         0.000188067
                 837            -5.45526            -5.45304         0.000187861
                 838            -5.44817            -5.45303         0.000187726
                 839             -5.4619            -5.45304           0.0001878
                 840            -5.45045            -5.45304         0.000187602
                 841            -5.44681            -5.45303         0.000187525
                 842            -5.46043            -5.45304         0.000187507
                 843            -5.44667            -5.45303         0.000187437
                 844            -5.46368            -5.45305         0.000187639
                 845            -5.44173            -5.45303         0.000187894
                 846            -5.46014            -5.45304          0.00018786
                 847            -5.45222            -5.45304         0.000187641
                 848            -5.44764            -5.45303         0.000187528
                 849            -5.45493            -5.45304          0.00018732
                 850            -5.45996            -5.45305         0.000187277
                 851            -5.45393            -5.45305          0.00018706
                 852            -5.45726            -5.45305         0.000186906
                 853            -5.45031            -5.45305         0.000186714
                 854            -5.45724            -5.45305          0.00018656
                 855            -5.44343            -5.45304         0.000186681
                 856            -5.46282            -5.45305         0.000186812
                 857            -5.44077            -5.45304         0.000187143
                 858            -5.45846            -5.45305         0.000187031
                 859            -5.45301            -5.45305         0.000186814
                 860            -5.44976            -5.45304         0.000186635
                 861             -5.4557            -5.45304         0.000186444
                 862            -5.46572            -5.45306         0.000186807
                 863            -5.44715            -5.45305         0.000186716
                 864            -5.45119            -5.45305         0.000186512
                 865            -5.45653            -5.45305          0.00018634
                 866            -5.46069            -5.45306         0.000186333
                 867            -5.44526            -5.45305         0.000186335
                 868            -5.45597            -5.45306         0.000186151
                 869            -5.45234            -5.45306         0.000185938
                 870            -5.45467            -5.45306         0.000185734
                 871            -5.45644            -5.45306         0.000185561
                 872            -5.44964            -5.45306          0.00018539
                 873            -5.44915            -5.45305         0.000185232
                 874            -5.45959            -5.45306         0.000185171
                 875             -5.4581            -5.45307         0.000185049
                 876            -5.45109            -5.45306         0.000184851
                 877            -5.45308            -5.45306         0.000184641
                 878            -5.46088            -5.45307         0.000184645
                 879            -5.45309            -5.45307         0.000184435
                 880            -5.44831            -5.45307         0.000184304
                 881            -5.45073            -5.45307         0.000184114
                 882            -5.45859            -5.45307         0.000184012
                 883            -5.45177            -5.45307          0.00018381
                 884            -5.45485            -5.45307         0.000183613
                 885            -5.45439            -5.45307         0.000183411
                 886            -5.44995            -5.45307         0.000183238
                 887            -5.45462            -5.45307          0.00018304
                 888            -5.45365            -5.45307         0.000182835
                 889            -5.46067            -5.45308         0.000182829
                 890            -5.44812            -5.45308         0.000182708
                 891            -5.44866            -5.45307          0.00018257
                 892            -5.45872            -5.45308         0.000182476
                 893            -5.45406            -5.45308         0.000182275
                 894             -5.4511            -5.45308         0.000182084
                 895            -5.45517            -5.45308         0.000181896
                 896             -5.4481            -5.45307         0.000181778
                 897            -5.45457            -5.45307         0.000181583
                 898            -5.45571            -5.45308         0.000181404
                 899             -5.4453            -5.45307         0.000181408
                 900            -5.46268            -5.45308         0.000181521
                 901             -5.4432            -5.45307         0.000181651
                 902             -5.4514            -5.45307         0.000181459
                 903            -5.45759            -5.45307         0.000181327
                 904            -5.45043            -5.45307          0.00018115
                 905            -5.45047            -5.45307         0.000180972
                 906            -5.45748            -5.45307         0.000180838
                 907            -5.45798            -5.45308         0.000180719
                 908            -5.45459            -5.45308         0.000180528
                 909              -5.452            -5.45308         0.000180333
                 910            -5.45025            -5.45307         0.000180162
                 911            -5.44782            -5.45307         0.000180056
                 912             -5.4562            -5.45307         0.000179892
                 913            -5.45515            -5.45307         0.000179709
                 914             -5.4562            -5.45308         0.000179545
                 915            -5.44653            -5.45307         0.000179491
                 916            -5.45088            -5.45307         0.000179311
                 917            -5.44846            -5.45306         0.000179186
                 918            -5.45408            -5.45306         0.000178994
                 919            -5.44824            -5.45306         0.000178877
                 920            -5.45854            -5.45306         0.000178781
                 921            -5.44507            -5.45306         0.000178798
                 922            -5.45873            -5.45306          0.00017871
                 923            -5.44843            -5.45306         0.000178586
                 924            -5.45388            -5.45306         0.000178395
                 925            -5.45285            -5.45306         0.000178203
                 926            -5.45343            -5.45306         0.000178011
                 927             -5.4533            -5.45306         0.000177819
                 928            -5.45406            -5.45306         0.000177631
                 929            -5.44914            -5.45305         0.000177489
                 930            -5.45865            -5.45306           0.0001774
                 931            -5.44764            -5.45305         0.000177305
                 932            -5.46342            -5.45307         0.000177464
                 933            -5.45316            -5.45307         0.000177273
                 934            -5.45003            -5.45306         0.000177113
                 935            -5.46034            -5.45307         0.000177095
                 936            -5.44805            -5.45307         0.000176987
                 937            -5.45026            -5.45306         0.000176823
                 938            -5.45353            -5.45306         0.000176636
                 939            -5.45917            -5.45307         0.000176567
                 940            -5.45113            -5.45307         0.000176391
                 941            -5.45231            -5.45307         0.000176206
                 942            -5.45765            -5.45307         0.000176086
                 943             -5.4459            -5.45306         0.000176063
                 944            -5.46087            -5.45307         0.000176071
                 945            -5.45105            -5.45307         0.000175897
                 946            -5.45356            -5.45307         0.000175712
                 947            -5.44596            -5.45306         0.000175687
                 948            -5.46119            -5.45307         0.000175711
                 949            -5.44856            -5.45307          0.00017559
                 950            -5.45365            -5.45307         0.000175406
                 951            -5.45319            -5.45307         0.000175222
                 952            -5.44917            -5.45306         0.000175085
                 953            -5.45012            -5.45306         0.000174929
                 954            -5.46003            -5.45307         0.000174898
                 955            -5.44847            -5.45306         0.000174781
                 956             -5.4469            -5.45306         0.000174717
                 957            -5.45658            -5.45306         0.000174573
                 958            -5.44945            -5.45306         0.000174432
                 959             -5.4519            -5.45306         0.000174254
                 960            -5.44051            -5.45304         0.000174561
                 961            -5.46671            -5.45306         0.000174959
                 962            -5.44352            -5.45305         0.000175057
                 963            -5.45965            -5.45305          0.00017501
                 964            -5.44719            -5.45305         0.000174934
                 965            -5.46373            -5.45306         0.000175102
                 966            -5.45143            -5.45306         0.000174929
                 967            -5.45739            -5.45306         0.000174805
                 968            -5.45162            -5.45306         0.000174631
                 969            -5.45434            -5.45306         0.000174456
                 970            -5.45221            -5.45306         0.000174278
                 971             -5.4527            -5.45306         0.000174099
                 972            -5.45406            -5.45306         0.000173923
                 973             -5.4616            -5.45307         0.000173966
                 974            -5.44115            -5.45306         0.000174217
                 975            -5.46139            -5.45307         0.000174248
                 976            -5.44894            -5.45306         0.000174121
                 977            -5.45496            -5.45306         0.000173954
                 978               -5.45            -5.45306         0.000173804
                 979            -5.45592            -5.45306         0.000173651
                 980            -5.45425            -5.45306         0.000173478
                 981            -5.46145            -5.45307         0.000173512
                 982            -5.45239            -5.45307         0.000173336
                 983            -5.44845            -5.45307         0.000173224
                 984            -5.45538            -5.45307         0.000173064
                 985            -5.46017            -5.45308         0.000173038
                 986            -5.45079            -5.45307         0.000172878
                 987            -5.45335            -5.45308         0.000172703
                 988             -5.4641            -5.45309         0.000172888
                 989             -5.4515            -5.45308         0.000172721
                 990            -5.45857            -5.45309         0.000172635
                 991            -5.45581            -5.45309         0.000172483
                 992            -5.44534            -5.45309         0.000172486
                 993            -5.45781            -5.45309         0.000172378
                 994            -5.45358            -5.45309         0.000172205
                 995            -5.45929             -5.4531         0.000172145
                 996             -5.4547             -5.4531          0.00017198
                 997            -5.45375             -5.4531         0.000171808
                 998             -5.4512             -5.4531         0.000171647
                 999            -5.45433             -5.4531         0.000171479
                1000            -5.45509             -5.4531         0.000171319
